2.682545672521409186e-01
2.600059036133894885e-01
-6.905626089366606601e-02
9.156779007911136636e-02
2.714109490654079693e-01
1.987739871631616362e-01
-1.350673366806542097e-01
2.354548835794592065e-01
-6.602620412278270567e-02
2.873988677225471911e-01
-5.725598665225550832e-01
-5.524115755058491839e-01
-3.324977405964343879e-01
9.408068948109216123e-02
-8.724634681306087103e-02
3.050430400462000868e-02
2.678720447930237336e-01
3.874820284865525544e-01
3.789967913813510059e-01
7.119546482900191986e-01
6.736777316965676388e-01
7.156323485049667088e-01
8.890990104856988374e-01
9.767898797067200434e-01
9.216206693877135869e-01
8.062466660507063843e-01
1.010550394858694911e+00
5.561169744830445349e-01
4.310578023870762499e-01
3.050531089091482739e-01
3.417585171053707516e-01
6.743509848823365793e-01
5.008921437017561651e-01
5.346001844324572705e-01
5.624223055408299476e-01
3.149550014271630394e-01
6.368566275322989911e-01
4.837623994269194538e-01
4.995686722624208542e-01
5.252814838249486584e-01
6.813967269361994594e-01
9.280765305913931673e-01
6.631732096136535581e-01
4.109589242803481923e-01
3.941411577828144441e-01
1.435376856582413208e-01
4.870515732123109620e-01
7.266083001793151031e-01
6.843089944745555098e-01
5.224438136793685405e-01
3.788789662101907929e-01
3.252748058447672008e-01
-6.590884576675892781e-03
3.642462292581978289e-01
1.933542679450759860e-01
3.607215526737603817e-01
4.356924234156164255e-01
1.422933052928301856e-01
8.143675931838147974e-01
5.879394633902611522e-01
6.904506134267605066e-01
1.199627004765249638e-01
9.990806908932353680e-02
1.148526894019664124e-01
3.572636185526465447e-01
-4.696274592238058876e-02
1.564062747767999140e-01
-3.348228917783266922e-01
-6.350783708331247945e-01
-3.222577803056337897e-01
8.957151073725339030e-02
-3.880817518535119026e-01
-5.256655542204660692e-02
-9.929084535086840635e-03
5.406657099622772522e-01
-1.340993858591781329e-01
2.101648060095262505e-01
6.154398922558952378e-01
8.191089639048143578e-01
7.367951496580853465e-01
6.801164843140232730e-01
8.948287447683433982e-01
9.647209663440248217e-01
6.319581630544919282e-01
8.645210693089646625e-01
1.003510879746350781e+00
1.164820711292229083e+00
1.039733417683941008e+00
1.067347033212793450e+00
1.102206228039062985e+00
1.260184051802951233e+00
1.062795598463073032e+00
8.403866352065265666e-01
8.230527172270090119e-01
2.489324784078112973e-01
3.845837274244739978e-01
5.851986502074305596e-01
8.159821866819914060e-01
8.169239945939656966e-01
6.986907916329048174e-01
7.370517940725276329e-01
6.795528912522217357e-01
8.197141056863372910e-01
6.720125956165392545e-01
7.989270768039669068e-01
1.069501815530463862e+00
1.225608305110895691e+00
1.091522808049496751e+00
1.082548079740839109e+00
9.160303981587758493e-01
9.133355559074747276e-01
8.443615679697329401e-01
9.187030946878385063e-01
-1.173603709579079668e-02
-3.498998359232519673e-01
-3.516117990235200774e-01
-3.726743605010809368e-01
-2.211614995521406779e-01
-1.100467487834249081e-01
1.446425052690036850e-02
1.893637182997917057e-01
-1.490376878098270685e-01
-3.066191792441529396e-01
1.735946007889423992e-01
-3.751324693895358164e-02
9.675822930510769027e-02
3.449848790507943352e-01
5.950080086888825948e-01
7.948770858525509020e-01
4.419639144883316106e-01
9.467450230898655228e-01
1.264814174470979991e+00
1.203124021475402650e+00
1.103000623537667924e+00
1.199210725699093150e+00
1.238623092006665871e+00
8.191798544858488462e-01
7.715524240525422073e-01
1.016583176005877220e+00
5.986867627814220771e-01
8.395450355260412056e-01
-9.474022677395825820e-01
-1.401322983362728314e+00
1.078312952535930291e-01
6.244582677930570203e-01
-1.250929112141202726e+00
4.237692034103769378e-01
1.042677734647854404e-01
6.163952725243830866e-01
-2.047580800699904113e+00
-2.749151783762407320e+00
-1.547818756933167839e+00
-9.770620870294463023e-01
-1.874823379254507483e+00
-1.788008407220645690e+00
-2.487884855980747822e+00
-2.319699158271878670e+00
-2.212323661110982886e+00
-2.015655659536600641e+00
-2.286240374878253157e+00
-4.179626167922554814e+00
-2.286195704169285747e+00
-6.372544747060334691e-01
-1.634202540675720461e-01
-2.929935914093853011e-01
6.746539385625816010e-02
5.491184510238352745e-01
4.583803044744190203e-01
6.880166530441658157e-01
7.483333014002040429e-01
9.067055257465808094e-01
8.391566224135327268e-01
3.455248503034551444e-01
9.799598335111254777e-01
9.722461818805960831e-01
9.309700313567650376e-01
1.040316358713346379e+00
1.171477139149728952e+00
6.361166352982716710e-01
1.035893045988344419e+00
6.494249623567804885e-01
1.122108166285572306e+00
1.028177778597799241e+00
7.711850535218456315e-02
6.032656166159046096e-01
6.792512690781297158e-01
8.248782320363556853e-01
1.212710883683305041e-01
4.915487820674609987e-01
4.112789267052285869e-01
5.688314590115943759e-01
8.693034628011422349e-01
7.206191626768196912e-01
3.899833543547932546e-01
5.770452251559343715e-01
1.435565006756777673e-01
7.880420790326136959e-02
1.722483587528249038e-01
-1.073191757843406702e+00
-1.664565742995033903e-01
-3.595547244274606147e-01
-1.023189062090401891e-01
2.051231740083191424e-01
-2.950664751650325934e-01
-6.077225702074365854e-01
1.079745296251239939e-01
-1.679351409954153718e-01
-2.703501709067787639e-01
-5.879370737113459588e-01
-1.137914968216161560e+00
-2.681392391561282729e+00
-1.486673533402130154e+00
-4.305349890879593966e-01
3.828760363892447227e-02
-2.632540387639987767e-01
2.053073408414298751e-01
3.700954395716478107e-01
2.279706374790708701e-01
3.470839740591198375e-01
2.754556415713991235e-01
5.842111783333627795e-01
7.474858732291198571e-01
-3.125131197161499230e-01
-2.106273319409425859e+00
-8.951791158050721453e-01
1.898754902672095124e-01
1.796114015019550925e-02
6.698866442466961946e-01
5.028399329541076712e-01
-8.555009113169032009e-03
-2.119741305268843523e-01
-9.733532276956553542e-01
-2.014370012975104540e+00
-1.978473596212148244e+00
-1.361885280378964724e+00
-8.165799831355718963e-01
-5.931765163367946903e-01
-3.478750060500059860e-01
-3.007308901827944192e-01
-3.417662421893796765e-02
2.310787616880815021e-01
4.016457859387396745e-01
-7.087493166766964947e-01
-1.900794250386306450e+00
-2.212559823602658682e+00
-1.611390950437810554e+00
-1.004198058479234934e+00
-4.751638312498962513e-01
-7.774273855833766511e-01
-2.882340360214356023e-01
1.648366902769276554e-01
4.588683741406357486e-01
-2.325901905393035207e-02
2.398774150649003456e-01
-9.796376371131425564e-01
-2.803522885723713776e-01
2.434446095966167345e-01
3.482882577308950012e-01
-5.251193574901429351e-01
-5.490226335631773202e-02
6.302264138725438558e-02
2.438800120519114545e-01
7.665418407519903887e-01
2.699265996125945755e-01
8.755037730581810562e-02
8.439976795784067676e-01
1.029353664795032541e+00
5.073177745510959458e-01
3.675380050064864790e-01
-3.334361480618692752e-01
3.627205262823054444e-01
-4.623351562658053471e-01
-5.075077422623319734e-02
-2.187906729427560037e-01
-3.859793287400165029e-01
-6.946411305098827427e-01
-6.107787203323017389e-02
-7.376081531700452443e-01
-8.212448227216949670e-01
-1.087668523278573884e+00
-5.186227081053476073e-01
-9.605065744102562197e-01
-8.041694135371989516e-01
-9.865845046535441920e-01
-6.107754308020143519e-01
-1.124191330150222656e+00
-4.049293957288410128e-01
-9.758261394287651158e-02
-6.899800706468980915e-02
-1.466434865258247289e+00
-3.556134262169711735e-01
-7.117002379656673927e-01
2.270824521874547086e-01
4.244924964574663395e-01
-1.262823140162153135e-01
1.869314504208275940e-01
9.747610366871567456e-02
5.658645889006165275e-01
6.568566386078431574e-01
7.428710758304286621e-01
3.945529383835779669e-01
5.973265910337223206e-01
5.631549079651598788e-02
-6.670305326521257516e-01
-1.479633936105554159e+00
-2.313330266424081127e+00
-1.344319040820847633e+00
-2.434605453341190717e+00
-9.568468601786184191e-02
-2.396986242632578978e+00
-1.566102025040272405e+00
-3.427991866791730846e-01
-5.340401784627860637e-01
-2.107465629240841132e-01
2.430046000097674241e-01
9.970526111004279768e-02
4.952090396253383542e-01
5.326542196397555662e-01
4.520281189058552584e-01
2.826237291037173582e-01
2.496627102196542491e-01
4.047873565669467544e-01
6.347451016605465401e-01
8.482924695604066034e-01
1.249056671763191240e+00
2.386652835956606378e-01
-2.165464915854056205e+00
-5.236752409813992815e-01
-1.863893788805649487e-01
-2.704150276657341312e+00
-4.833908428098977472e-01
1.071498951655646126e-01
2.799393525594719989e-01
2.006701865326769862e-01
-2.267405483082046147e-01
-3.330260197075272655e-01
8.113431849715529998e-02
2.559840991838078228e-01
2.737373216984623214e-01
2.272743725915640223e-01
1.578799008448367180e-02
-2.069268715707856532e-01
5.116034017395835187e-01
6.285012242541799798e-01
2.994735006815713030e-01
6.054002967184680672e-01
6.946162936653020870e-01
4.907825698186326635e-01
3.007559667179982021e-01
2.145819137569671131e-01
2.796139058542190803e-01
5.908958452041329634e-02
2.613404236000402836e-01
6.149887971618349658e-01
-5.169305326879735096e-01
-5.300594420444834087e-01
-1.123063109723408670e-01
-6.494366775663434899e-01
-3.265045005566414305e-01
6.736246231894879033e-01
8.276358754618926561e-01
-4.638559908797323939e-01
8.794833379946398466e-02
4.725764390412443561e-01
2.405470645786972339e-01
7.130480152592273413e-01
5.192484587267667262e-01
3.320818981905773182e-01
-9.808854109186471160e-02
7.335366115563373146e-01
1.691210017768068230e+00
2.457877011328595263e-01
5.111370555513451430e-01
7.304232155069183552e-01
8.064236343879755964e-01
9.477006439470496701e-01
6.408897419057997258e-01
9.279666502407128981e-01
7.716739044090867861e-01
7.125078822611097262e-02
-2.679647099007949618e-01
1.714923179773210626e-01
4.804572651565869323e-01
5.947916663986095864e-01
6.429498289333189787e-01
7.099926064226913525e-02
4.798606578434767567e-01
9.480721468053190382e-01
5.006696362137155187e-01
6.493436466433498699e-01
6.207017754069582560e-01
3.550494809066133683e-01
4.897482435920431643e-01
3.470656956900628476e-01
5.592354677310613642e-01
-3.002824719784472074e-01
2.588977311769747880e-01
5.987634010911619953e-01
6.071481333474596509e-01
4.950173598766021144e-01
-1.965189402356454229e-02
-7.753318910748436821e-01
-3.386197926131694347e-01
1.345965339412437123e-01
6.064409259116262385e-01
-3.110264861445018458e-01
2.623068562926733627e-02
-6.286141683616178200e-02
-3.510282818341248778e-01
-1.729425816215143241e+00
-1.698694632088532774e+00
-5.732726826238809803e-01
-2.319116025256044433e-01
2.893786512186318216e-01
6.956896621897268318e-02
-6.283392571249311054e-01
-5.919206500397999893e-01
-1.346728882911443215e-01
-1.728239617810689577e-01
-1.678924133062640323e+00
-4.877467001274281011e-01
7.699058234212069474e-02
-5.491009625523915472e-02
-1.205803968507193513e+00
-1.357316951641817759e+00
-1.278988745286380402e+00
-1.140165393778126424e+00
-6.715178655799474150e-01
-1.127820779260471085e+00
-2.006022424667877502e+00
-2.214098096445570985e+00
-2.264808955378469157e+00
-1.986271219328149318e+00
-8.007791127446328705e-01
-4.886271951977255168e-01
-1.738548149770003381e-01
-4.836038282452376769e-01
-4.627734259108587378e-01
-1.099416370973621326e+00
-6.720640789573548712e-01
-4.003482347486014836e-02
-7.826073355053516645e-01
-6.856505164819493015e-01
-4.328575852675057845e-01
-6.358301163594892724e-02
2.973487845212288150e-01
6.769677629447079514e-02
-6.590424390411728783e-01
-3.850280381249091000e-01
5.925333608789079554e-02
3.988112698573551551e-01
2.623180650445475770e-01
3.449676994825345844e-01
3.768314476641319022e-01
4.231025240538637266e-01
3.668942913786410465e-01
2.559498222327601935e-01
5.499329268899413314e-01
5.521825074969775038e-01
2.778928650423126978e-01
-1.002374956322719113e+00
-1.799741853065792263e+00
-1.353197266603815674e+00
-1.364975004633962596e+00
-1.732316138967064267e+00
-1.354509552166502706e+00
-3.619633272394508494e-01
-1.039893733751317439e+00
-7.614759496097021074e-01
-7.845753356795226452e-01
-6.649014866053227779e-01
-2.385129170053094327e+00
-1.389785709964089566e+00
-7.429659301480400213e-01
-3.757231718417486377e-01
-3.802723375290364416e-01
-1.455280139764367098e+00
-1.703455675202514286e+00
-1.263739782141048984e+00
-1.967234012645949992e+00
-2.263736550352637877e+00
-1.473952680174293928e+00
-2.606636484187480285e+00
-3.270114747515181275e+00
-1.420446973999670126e+00
-1.146699395318251380e-03
5.814461002028448178e-02
-2.030972536101177672e-01
-3.792780071015210419e-01
1.056319280532468929e-01
-2.305727060749691582e-01
-1.507912671277230610e-01
3.473269965260129544e-01
4.814039926603391750e-01
4.904417512071728158e-01
6.206563242420652937e-01
4.453835559354578644e-01
6.537502476036938237e-01
4.657442566617557844e-01
3.765042804184386416e-01
3.657576665475800182e-01
-9.134197986191794350e-02
-1.497443476402397611e+00
-1.147478062699395007e+00
-7.507749314163012500e-01
-3.358815211706397408e-01
-2.524506617769686212e-01
-1.386459874834947925e+00
-1.041376028179008761e+00
1.930580042627460524e-01
-4.256736427492447405e-01
3.378058199376947623e-01
5.960259246229044905e-01
-4.179594917560791045e-01
5.268001473882818475e-01
5.369154445732153835e-01
8.726986655849946484e-01
1.057294190054307137e+00
8.304036713215117160e-01
8.238516330772780449e-01
6.298008153301366541e-01
7.133607257858651796e-01
3.957523839245983277e-01
-1.732537341911301043e-01
-1.687192453803615821e+00
-1.062542395880730073e+00
6.323580810185719381e-02
5.509460902804674820e-01
-1.268065969453854080e+00
-9.333838990532665747e-01
-5.018409917936684783e-01
-4.723571302561790919e-03
2.436234555437873928e-01
2.924921326667776489e-01
-1.536830987806895754e+00
-2.509458387609146968e+00
-5.006082947275619643e-01
-1.708899231026609566e+00
-1.092197196806265813e+00
-1.905838667824657495e+00
-3.223980391089529274e+00
-1.178449811315435580e+00
-7.019560645491546014e-01
-1.224835545932793757e+00
-2.635220289415374229e-01
3.349684921164617357e-01
3.041025853364356379e-01
-9.431414091964451796e-02
3.585916651781188014e-01
2.904763075526684002e-01
-1.229671644874052117e+00
-3.843640778223631482e-01
-1.779708635420540475e-01
-2.337090795210647609e-01
-6.327044873527574165e-01
-2.075401566425417954e+00
-3.358436241985853776e+00
-2.293244447784682283e+00
-1.843391901934481991e+00
-1.079076231302835032e+00
-5.355002070656573743e-01
-5.852519207211606123e-01
-2.169029254501007031e+00
-1.511524436543807193e+00
-4.521145293894015538e-01
-1.935203800309908684e-01
5.027815169686356001e-02
3.913072453523389616e-01
-2.366700769888416822e-01
-1.040918892221561531e+00
-1.233884421811519250e+00
4.719792039913844883e-02
4.710788420499510964e-01
1.858290594592316713e-01
3.325214817367093678e-01
7.552223680793546112e-02
3.375707317961739173e-01
-2.724591911352497453e-02
-5.268462835540832501e-03
-2.346509503091100679e-01
-4.139311711628881896e-01
-1.648089959164390939e+00
-2.412057828033844054e+00
-4.079466271342257144e+00
-2.756208882218528444e+00
-1.401379936966592687e+00
-1.260833464107962820e+00
-2.196225509771742690e+00
-2.654948183488577751e+00
-1.351420402403867405e+00
-2.058277864689127767e+00
-3.147686639552675025e+00
-2.110032033436266996e+00
-2.439203072522263760e+00
-2.088046435602118223e+00
-3.242292181505956883e-01
-9.490057544085997998e-01
-7.527385539628614897e-01
-4.943186764101563657e-01
-1.086035270961133392e+00
3.340478380126754576e-02
-1.869646416589233195e-01
1.930568287914074532e-01
6.323704590406143966e-01
5.734199713328475001e-01
-4.274535645829913300e-03
-5.207554615571734491e-01
-1.343696718958397929e+00
-7.141734323777368942e-01
-2.473552236181328912e-01
-3.826559279928981594e-02
-2.000998682325392797e-01
-5.957407157008316467e-01
-1.328625073180523586e+00
-2.758553428437794608e+00
-1.434397168915477305e+00
-1.504970351559966169e+00
-1.409052206385459582e+00
-1.014550508608221380e+00
-1.367622659453694434e+00
-2.479139809118892757e+00
-3.508770377852861166e+00
-1.535566238790943894e+00
-1.095686649210982688e+00
-7.929182650853568992e-01
-1.877121752640476426e+00
-1.333670348533559480e+00
-2.117537722712584447e+00
-2.061080290465611142e+00
-2.261116529829429123e+00
-1.186685652189328533e+00
-1.299852296840374732e+00
-1.846455514133431342e+00
-1.752655967895021538e+00
-2.271468647881006220e+00
-9.109134206523541444e-01
-2.870310701969197575e-01
1.370700854281662884e-01
9.727101571280050152e-02
1.009261956489277967e-01
4.433290191354599674e-02
1.982874181779973322e-01
-1.128240805264437430e-01
7.657243626600229724e-02
-7.255754923483885843e-01
-2.595071306953881773e+00
-2.051383658322585735e+00
-1.023576830731772080e+00
-1.431407173469631200e+00
-9.072576378964565258e-01
-9.751856265953116054e-01
-3.133285696473481208e-01
-1.136906535082599312e+00
-8.797890364058937873e-01
-1.241814734567724621e+00
-1.929806112163946707e+00
-2.823303661869888792e+00
-2.746851494113123238e+00
-2.213168866227098519e+00
-1.039668567437157964e+00
-6.903513473345179730e-01
-1.959551226695916692e-01
-2.363984528329927670e-01
-1.848374488401707816e-01
-5.856952362363831988e-03
-5.942502842966503884e-01
-2.025795912371756990e-01
-1.945540702300416203e-01
2.612402982775535731e-01
-8.289718719489644339e-02
4.238889336478274261e-01
-2.624079575350254379e-01
2.453176834324586331e-01
2.767357909709629027e-01
-2.468708102988307340e-01
6.095360909280667094e-02
1.576435881642738179e-01
2.681246561626929870e-01
-5.911020042776715666e-01
-3.123416306495289674e-01
6.798952723760731676e-02
2.122084419713055059e-01
3.457859798665204876e-01
3.776297037461434636e-01
6.253433029663968412e-03
-4.053915781820683351e-01
-6.844704606341793784e-01
-6.058141928973630463e-01
-4.190707271128543132e-01
-3.668212194735775977e-01
2.158858341208831355e-01
3.287865671840579651e-01
-3.121394870245148834e-01
-3.249456831935632617e-01
-1.940669642307427445e+00
-2.974033125794005583e-01
-5.195544781929614109e-01
1.660333898552923682e-01
7.006955879992626812e-02
-2.962108230603854864e-02
-6.552639552885884955e-01
-7.253502017558093318e-01
-9.531280185612006628e-01
-3.883881318973829155e-01
-5.384649243621613124e-01
-3.276069617720610561e-01
3.584538332687237094e-03
2.392460931753924713e-01
2.759736969426679343e-01
1.049472098880210313e-01
2.072748392553245278e-01
6.903891421254870764e-02
1.098267434421392741e-01
-9.955708203282204183e-02
1.180791316344209085e-01
1.227856972020203163e-01
2.358261314823816290e-01
-3.780741936599718578e-02
-4.644865571637403767e-01
1.631595862069729064e-02
2.533184458537329764e-01
-4.033397095350083061e-02
-5.363470104279879913e-02
-2.343607233484805707e-01
1.636246461308820122e-01
-3.876073773727282124e-01
-1.215668282469901107e-01
1.071345859492554564e-01
-3.837338717799793075e-02
-9.238389427782878194e-01
-6.085817157583207626e-01
-4.492748864611921245e-01
-1.766253639350278681e-01
-1.987392131569766518e-01
-3.612816454087391937e-02
-2.430807858766162732e-01
-2.458735764427045223e-01
-2.836071580753998234e-01
-7.210524734097987221e-01
-8.408245077251929045e-01
-5.181755371355942774e-01
-1.289210258793544561e+00
-2.995951671379262216e-01
3.486318001745650763e-01
3.668231163589481536e-01
-2.983558692067083684e-01
-7.278909642820068360e-01
-1.545613721462354873e+00
-5.826140029687313371e-01
-2.939945260737678590e-01
-2.189969150844532086e-01
-3.261376241355034011e-01
-1.132614041815477313e-02
-5.041286456970438534e-01
-1.838818724736440702e+00
-1.883626388035916088e+00
-6.854898875342263498e-01
-5.610137686616503694e-02
-1.640687686818258773e-01
2.737188651367917780e-01
7.203724508951125927e-03
-3.474383420959719637e-01
-3.830297578673606540e-01
-2.219762402107878230e-01
-3.149967569239786602e-02
-8.266887899924652006e-02
-6.718873371920583981e-01
-1.270541658236684412e+00
-4.329139435704232874e-01
-5.418326027257203137e-01
-1.984400453108971230e-01
-2.242966607588630645e-01
-5.669850375520475438e-01
-3.163009073567149554e-01
-3.125634701116821734e-01
-2.171368049191814364e+00
-2.454315379093090499e+00
-1.789129893180864794e+00
-2.778559880965043583e-01
-1.786022152629445081e-01
-5.646772807247542048e-01
7.114167493074846638e-02
1.843594984404585690e-01
2.510901404845616858e-01
-3.661183010140756089e-02
-5.261649003421580151e-01
-7.599652432970790406e-01
-4.497030747126563588e-01
-9.061588621884104633e-01
-2.373731541027729097e+00
-1.848713914686020310e+00
-1.427393977976155526e+00
-1.494022568838637044e+00
-1.744334228783731566e+00
-2.941720203338840989e+00
-2.089127283658799961e+00
-2.388679772658870881e+00
-2.972905452884147426e+00
-1.399174637928609854e+00
-7.690174769495274898e-01
7.425026131397105544e-02
-2.126347473191159132e-02
1.518850228152651693e-01
8.929107765449467715e-02
1.246416783710380116e-02
-9.297059647444313457e-01
-8.516123536922614035e-01
-3.073449327586895152e-01
-3.003671059608353788e-01
-8.056115410103956709e-01
-2.003400753864571726e+00
-1.454692055025739839e+00
-2.688047459686219720e-01
-1.050912073240156952e-01
3.953874281876401664e-01
3.079031592368728365e-01
7.454694982352927379e-02
3.410044230102537988e-01
5.139591061109087811e-01
6.375397729300631422e-01
5.883676474478993779e-01
2.528931559170078947e-01
4.452535675695488138e-01
5.442621968833396551e-01
6.562685868812130341e-01
-2.171235442516078473e-02
2.557009862642996012e-01
2.710581062092272120e-01
3.526188422564062730e-01
2.761740559653838023e-01
1.923411363878444469e-01
-1.890575689084550426e-02
3.706595638257025316e-01
3.594362006888159877e-01
1.179270878527683419e-01
5.187898169971414397e-01
-1.108069564678683117e-01
1.152640983356379989e-01
3.558986425221172256e-02
-1.591126841578584250e-01
2.060641386185511070e-01
5.037527980167635366e-01
5.226388891459782249e-01
2.111198032302658012e-02
-4.345257702740283889e-01
-3.520252059330148953e-01
-8.794121992703840540e-01
-2.112621866476493970e+00
-3.198459279382431575e+00
-1.433228489340021117e+00
-1.352047090758774939e+00
-2.838378220925906525e+00
-3.629409660571372598e+00
-1.152693909629061819e+00
-1.521438523201507076e-01
-4.267881078796477157e-01
-1.997374549115908948e-01
1.327529197662432603e-01
3.560845998798445322e-02
9.102944930207779173e-02
-9.487644906302188375e-01
-8.849924203768310127e-01
-4.172553760147383328e-01
-2.265875332556467892e-01
-3.739826712106825157e-01
-2.635931625209297358e-01
-8.876708684961543971e-01
-2.202382169840888526e-01
-1.145484229253104225e-01
-8.599539651036058885e-01
-2.079728781935183513e+00
-1.109769471812634078e+00
8.028337367198279395e-02
-1.052401339460621588e-01
-2.125640214180829490e-02
1.723564218390817304e-01
4.844363203976211896e-01
-2.197003535807763308e-01
-1.288631425818634213e+00
-8.076620321206127162e-01
-2.537931938287735778e-01
-1.227803029307851235e+00
-4.088456499946173106e-01
-9.270910189471681662e-03
-2.548151047585155426e-01
1.260064458705246193e-01
-2.917317848208467179e-02
-4.118661469080076021e-03
1.783507070577524667e-01
1.293964355981727099e-01
7.656101841374285399e-02
-1.818426323894492547e-01
1.815988122183753717e-01
-2.598455276664846658e-01
-7.268697097964632592e-02
-2.420056927671883629e-01
-8.597178960657259061e-02
-2.112231625699234616e-02
-1.367474823242361470e+00
-2.481965773046604706e+00
-2.830858455613940450e+00
-1.174934571683867723e+00
-1.737396426488850176e+00
-4.793043462613341132e-01
-5.521631360337955208e-01
-4.028117660355579055e-02
-1.917054697658305273e-01
-4.388969753063448609e-02
-3.660251187719303911e-01
-1.352224018962982777e-01
-2.106734631606553831e-01
-8.440796135868292027e-02
-9.973062414472555481e-01
-5.788127245144640831e-01
-6.269569038777523806e-01
-1.248314348981062416e+00
-2.701159850569673893e+00
-1.296943342948608580e+00
-5.154337289797648047e-01
-9.743575626402612988e-01
-7.660744154057281818e-01
-2.142746950010737450e+00
-2.532485068842796672e+00
-1.793571664214780093e+00
-5.907860755695394372e-01
-6.870645645318977923e-01
-3.292755651627608526e-01
-7.999135167326414386e-01
-8.040269754490300125e-01
-5.182793302916631761e-01
-3.136862409380708483e-01
8.872844360865550506e-03
1.088501050969148398e-02
-1.280677641499595953e+00
-6.083632412412439683e-01
-3.105486058975615027e-02
-5.404421655803504088e-02
9.914684674018947597e-02
-3.925644483546443242e-01
-8.018486691222188600e-01
-1.063355227143570003e+00
-1.222066221092543703e+00
-1.075446661963970651e+00
-8.037589330003207522e-01
-5.313494895170534082e-01
-7.811782318031514905e-01
-3.846569580016658274e-01
-3.589847632533084143e-01
1.763132098279792115e-01
5.297011982546335762e-01
3.751313142502398223e-01
5.238279847270939094e-01
3.973435859054593733e-01
5.767833656094069061e-01
3.763723028184053909e-01
-1.782266597128070451e-01
-2.840189712278718970e-01
-2.422689025403392260e-01
-8.703122422317443041e-01
-1.823178058574011773e-01
-3.135997417025431222e-01
-1.590513504238463827e-01
2.550915880427826465e-01
1.985400688640288624e-01
-1.141099779921146640e+00
-2.004659624988392785e+00
-2.998304346700945699e-01
-1.305149979859008713e+00
-1.498744965870421497e+00
-7.329338491841519421e-01
-1.258605781270212720e+00
-1.042611596013145903e+00
-3.837930175559394197e-01
-3.511978362854638602e-01
-5.722627211205788544e-01
-1.042514823493722487e+00
-1.461963818689453021e+00
-1.005969360862812856e+00
-2.075026194048174233e+00
-3.031940325226026633e+00
-1.969748933221748821e+00
-3.838039626209998056e-01
1.243598059013661938e-02
-1.872008646374520024e-01
-1.428992209852641970e-02
1.310559882420961331e-01
3.414769138357417466e-01
2.282210648834250843e-01
-1.811892818232554436e-01
-1.439884572212590141e+00
-3.531935472862697822e-01
-1.486872794152738209e-02
-5.768286916736520276e-02
-1.967397007217069338e-01
-9.687468416157556383e-01
-4.861910970516226116e-01
-5.012621423518616171e-01
-1.721428416064496592e-02
1.880342810992891578e-01
-5.621856633952163063e-02
2.853785140363293005e-01
1.270319969078437250e-01
9.852131007733966328e-02
-3.350159145419812079e-01
-1.000173524554404558e+00
-7.664213598344710165e-01
-9.554386018454739116e-01
-1.351841921476330255e-01
-9.607851176047577102e-02
3.144512927203833019e-01
-1.150712382377895304e-01
3.229764637120747794e-01
5.702731782111041259e-01
6.941209552487388468e-01
5.668326266216623388e-01
5.438132029737987594e-01
9.043517843796640143e-01
-5.387058161369340237e-01
4.475363356914549007e-01
3.294950123334421388e-01
4.482869880503492777e-01
1.388056538158874420e-01
-1.017210073709442497e-01
3.030863241771679650e-01
2.932787937157121938e-03
-2.111578353694113508e-01
-4.640328891532793376e-01
-1.061854833714774016e-01
-2.392642129701566756e+00
-1.649358946128224979e+00
-3.655681856668850371e-01
-3.810436501068156234e-01
-4.965939211110315110e-02
1.804120627586804360e-01
4.351462659791037746e-01
-7.122128860008977158e-01
-2.730645811284428959e+00
-1.265358557640327231e+00
-1.736866119383156715e+00
-1.946038832371912886e+00
-7.939124334505428537e-01
4.015165346007210090e-03
3.083810006631352296e-01
2.600949504857098527e-01
8.001493922055663566e-02
-6.247633462789516923e-01
-2.565239841954274347e-01
4.198020900143378809e-02
-3.678350142852127025e-02
1.261972920333246373e-01
3.097311478728246303e-01
5.189779281300719305e-01
2.666843815716422039e-01
-3.469884673292348287e-01
1.321156295817614290e-01
-9.120816346359229554e-01
-1.670488918491724595e-01
9.481717283262103280e-02
-1.697081906286646291e-01
-8.675239312080686993e-01
7.710789895818470630e-02
2.102414574418287607e-01
2.681962955558980788e-02
-7.134362133531682026e-01
-1.221020444469837818e+00
1.191009703213282145e-01
6.737569264636643629e-01
-2.355574176422753352e-01
-6.320909017447327027e-01
9.035147053477032841e-02
3.806432527358757367e-01
5.136166033926496954e-01
3.775096709827523433e-01
-5.073699137621736632e-01
-2.062235657881522077e-01
-9.671096311803661916e-02
-7.428824051343241308e-02
-1.676900238792732978e+00
-3.611348951926460771e-01
-3.990360480461730974e-01
9.732072865152152641e-02
-9.204406223831937406e-02
-5.066858688440786240e-01
-1.485209906578740524e+00
-2.726769847634790134e-01
4.178575304717254690e-01
4.853893762666714462e-01
4.041663644061519456e-01
5.741922343793590677e-01
1.028051263353027656e+00
-7.139937796138934312e-02
2.457915641832136844e-01
-4.170345657521632443e-01
2.004462665249921449e-01
-2.644902776400845368e-01
7.602964006976193900e-01
5.047534969846418917e-01
-5.447124507366902790e-01
-1.673471881780363990e-02
7.976471751422914425e-02
-6.785700255293136696e-02
1.673578434929254288e-01
-3.393674865045794298e-01
6.155121042290451205e-01
8.644966437411230054e-01
-5.400377841079806451e-02
-6.841085212389925729e-01
-9.723174555321195678e-01
-1.279665591219723453e+00
-8.397334216270869733e-01
-8.565595416736294654e-01
-3.570236204810273151e-01
-1.758374091490643720e-01
1.561065180529785934e-02
-7.450070723221949298e-02
1.727197509426114941e-02
-6.162065745675187056e-01
1.280808697075160318e-01
-6.713579076404679880e-02
-3.719109520209285535e-01
1.526153854424092682e-01
-2.245057868712143079e-01
3.824407958405999786e-01
-4.295581241583612542e-02
3.271583274258799134e-01
-4.270996140105552397e-01
-7.644163876504471711e-01
-1.967868778235664085e-01
-1.369038226925835822e-01
-1.325825580300405426e-01
-4.581250207412866926e-01
-8.428137030471908320e-01
-4.517049886206482290e-01
7.692701682634817129e-02
2.219434736977559108e-01
5.596068223934429486e-01
4.001664009307475123e-01
1.077360103268716340e-01
3.302660841299830397e-01
4.851763967004100175e-01
7.729452726192693746e-01
6.990799957141227150e-01
6.116639131798740081e-01
-7.589732229855474799e-01
-1.018550403439910657e-02
-6.125391272266297316e-01
-2.932718026812749512e-01
1.255833044147113831e-01
2.384538617535131300e-01
-2.693376912455047179e-01
-1.051567168167862221e+00
-1.784403426075264587e+00
-9.783806454541240649e-01
-2.187008779295421812e-01
-3.043094907390533344e-01
-1.495598908913070568e-01
-5.286589475401615168e-03
-4.932764574732336760e-01
-5.150608268459334615e-01
-3.456094720141253962e-01
-8.970785211991663677e-02
-2.078149145121604979e-02
2.509922057772451254e-01
1.136435225573287355e-01
7.317126454991571549e-01
8.952862614306338340e-01
7.887170606520275129e-01
8.632647548647165436e-01
-1.563593367976148230e-01
-4.402278941087113817e-01
-3.556357715260414776e-01
6.326999884712392053e-02
-3.828914248251118480e-01
8.347693405282230472e-02
5.158382182009547678e-01
7.731669177187066033e-01
9.082094210835633952e-01
9.230808377771628770e-01
9.736607253122087080e-01
4.752988274237969213e-01
8.725912712551116002e-01
9.103702543887286502e-01
7.098918710673725041e-01
5.966559798449049268e-01
5.815884265842254930e-01
3.201699845684339296e-01
3.540758518949905786e-01
4.937047637783554821e-01
-2.138883418234809319e-01
-2.037508491198929406e-01
4.202473714270699157e-02
-4.335319788234635041e-01
-5.425175585095304287e-01
-5.808168677821224923e-01
-2.631680198792178405e-01
-9.014456493224085598e-01
-3.995460442159554093e-01
-1.283593796614467542e-01
1.339037530352399918e-01
6.102074952574659816e-02
-2.766410490181314685e-01
-1.739702653406152155e-01
-4.991229787347783997e-02
-3.691800737020961565e-01
-1.181163117423520870e+00
-1.464443441728049633e+00
-1.070495502879762695e+00
-8.100452016908757935e-01
-5.786122291414256269e-01
-3.858825008529220280e-01
-4.888477476291250845e-01
-7.605583601708447716e-01
-8.580172620465313926e-01
-5.023875498049202859e-01
-2.688193524158865033e-01
-1.442146971210215289e-01
9.979515056963178532e-02
-2.239014205168288751e-01
-1.224962615818093181e-01
-8.181652786937410049e-02
-5.273210893932053223e-01
-3.762053163774530251e-01
-5.159015328069784800e-01
3.259706169304739110e-01
4.423298020193673352e-01
4.363295577020920302e-01
4.062492948485455502e-01
3.419757595541120798e-01
9.827969739169306607e-02
4.166423703977475412e-01
3.440649148016350356e-01
4.752737232939754364e-01
5.802555244315322769e-01
3.534856200907671164e-01
3.071594124539482884e-01
4.165273450133887279e-01
3.168130563569167002e-01
-3.174129743901856759e-01
-3.238445242213662811e-01
-1.736680484426669779e-01
-3.911258555811788495e-01
-2.112842720370194383e-01
-2.421019320860544888e-01
-1.270157196618983741e+00
-1.851712830384005581e+00
-2.059430600896591912e+00
-2.523855285671213977e+00
-2.439523072904745238e+00
-3.007858715469320376e+00
-1.978052846661026098e+00
-7.704722937848186293e-01
-2.473202114177763811e-02
4.209674100975202560e-02
2.385255102116612402e-01
1.341888001631941774e-01
2.816067814108238476e-01
4.074211208753339974e-01
5.228065685370524296e-01
4.786711853096798919e-01
1.973312048722773993e-01
2.421220828758083865e-01
-9.169018697164965648e-03
2.627914003112211683e-01
-1.818126076230859312e-01
-2.309720781468108664e-01
1.447661859841627985e-01
1.264843801859744654e-01
-2.934060588230980038e-03
-5.779411642145303452e-01
-4.168358821110503820e-01
-2.098768009091109277e-01
2.878821775038383768e-01
2.699584480728114411e-01
3.347530770333128070e-01
4.199609039815066502e-01
3.185857789997526002e-01
2.373396656193764720e-01
4.564031481429287052e-01
3.442457854387064309e-01
9.396565030393699836e-02
-5.314821333137834003e+00
-5.605859074667994157e+00
-4.264661361247905624e+00
-4.997382658275449252e+00
-4.731794802412702339e+00
-4.734448164870835640e+00
-4.017711017487784808e+00
-4.882894710798755256e+00
-4.409587706165038590e+00
-3.940633440076260818e+00
-4.070023982460201140e+00
-4.227617076416817277e+00
-3.820728319053957822e+00
-4.192619703419397936e+00
-4.501102972886638298e+00
-5.490417529868818036e+00
-6.015801840347061002e+00
-6.082759644526587017e+00
-6.353768395293783122e+00
-6.288081148602193693e+00
-6.534351921231815297e+00
-4.941348400489326664e+00
-5.209777725715124319e+00
-4.434395493507659047e+00
-3.980637633114269214e+00
-4.601136754187531430e+00
-3.926707120343905455e+00
-4.654084565097386772e+00
-4.678998315072394831e+00
-3.915405304864310931e+00
-4.505584921527127307e+00
-5.076584334309030666e+00
-5.212344926385072519e+00
-4.945765197766885279e+00
-4.739196554891723423e+00
-4.884385655321250574e+00
-4.242312266737549464e+00
-3.992556362031534523e+00
-4.505827757380760801e+00
-4.016639770988751579e+00
-3.488355277829283452e+00
-4.036553093812665693e+00
-4.538045058876959637e+00
-4.519064952237307864e+00
-4.747621828154946932e+00
-4.525895538318324363e+00
-4.215394195983981795e+00
-4.032151117374489502e+00
-3.813945197207215809e+00
-3.616813027796902613e+00
-3.684569209023884184e+00
-4.172124407563856607e+00
-4.226470835787651481e+00
-3.993228521612857129e+00
-3.357923333165173663e+00
-3.670413214658658330e+00
-3.999542788050363562e+00
-4.248513743011150368e+00
-3.548476319917200250e+00
-4.010369057802863679e+00
-4.197252946949113550e+00
-4.270710134613760367e+00
-4.547382407829555717e+00
-4.393924831788759811e+00
-4.041662892091165027e+00
-3.775066325016842583e+00
-3.879287217056504922e+00
-4.355791789204872089e+00
-3.935564343861918779e+00
-3.530851192857872967e+00
-3.486479968503443327e+00
-3.394120015481407293e+00
-3.736532360121721297e+00
-3.869981110709932004e+00
-4.008379423468090508e+00
-3.794634810239752909e+00
-3.468254423702767486e+00
-3.685159794955406909e+00
-3.697805299790188460e+00
-4.166744150270753622e+00
-4.334755348678142717e+00
-3.778707118202713655e+00
-3.550488955170842509e+00
-3.523388917264469899e+00
-3.919246322449020603e+00
-3.909845852104846919e+00
-3.913276264282528061e+00
-4.120879029167852536e+00
-3.535346087587764252e+00
-4.196010564548275035e+00
-3.791675343964906908e+00
-4.235613980990269312e+00
-4.293272739689734330e+00
-3.382472569858069988e+00
-3.777213117824990363e+00
-3.588317868792824328e+00
-3.705621534092710778e+00
-3.434408285168379926e+00
-3.287328897069107470e+00
-3.588748827786110596e+00
-3.445837943705757578e+00
-4.345814144109992228e+00
-4.282743529107922775e+00
-4.777441874886003248e+00
-5.514098648743591013e+00
-5.842790285223424362e+00
-5.301984302381383962e+00
-5.084043713785374230e+00
-4.691215794449916210e+00
-4.711564331066651512e+00
-4.336887746853779646e+00
-3.822068478669499836e+00
-3.701771941363108276e+00
-4.163877041569937987e+00
-6.418437872690008206e+00
-6.377300713616099515e+00
-7.927958946903123305e+00
-8.182023378897071098e+00
-8.548634606837529404e+00
-6.953733729963016863e+00
-7.249245152980074103e+00
-6.858951692534156486e+00
-6.673533489804759355e+00
-5.675405980269378148e+00
-6.233038805775198199e+00
-7.081067161832454993e+00
-7.209308843086683183e+00
-6.212470803569079436e+00
-6.940399815417937823e+00
-6.911059794216918739e+00
-6.168516220088013924e+00
-6.677702369479964872e+00
-6.107744172449142361e+00
-5.853308195814503456e+00
-5.636146378044165850e+00
-5.713584678820672558e+00
-5.267989589236422354e+00
-6.240476116456711964e+00
-5.254395397802332113e+00
-4.932623263544995140e+00
-5.158500604390224176e+00
-6.326780057044627092e+00
-6.059078741137485125e+00
-6.446977673353472049e+00
-5.844823637441423969e+00
-6.149924442691047766e+00
-7.006769892985118098e+00
-5.680156071833193820e+00
-5.741430051514681665e+00
-5.707671736405780294e+00
-5.409904955674224247e+00
-5.736170352814254692e+00
-5.839724668380656070e+00
-5.360573395684226305e+00
-5.270837575756115001e+00
-5.272223308534416120e+00
-5.091517054964247890e+00
-4.691188333906918473e+00
-5.342913651217696014e+00
-5.294859640460220618e+00
-5.465994475588212609e+00
-4.997654472099085865e+00
-5.138451376119237857e+00
-4.916565185426700957e+00
-5.888749367369739751e+00
-5.839373898546573294e+00
-6.115305310546788498e+00
-5.243008781813629504e+00
-5.442742272697490336e+00
-6.176803602478053712e+00
-5.345055146028538040e+00
-5.517856642079275176e+00
-4.836016455077301934e+00
-5.511276810846185370e+00
-5.572878189821051542e+00
-5.744425490145141033e+00
-5.455628787444185335e+00
-6.051274796698775660e+00
-5.856284662605685476e+00
-5.939454246252000580e+00
-6.001071659022840343e+00
-6.026062368844291584e+00
-5.725786283369843410e+00
-5.470543220881316948e+00
-5.190286183226674233e+00
-4.734584021014051736e+00
-4.712977993294100720e+00
-4.450716460636535032e+00
-3.973699396921992477e+00
-4.431436621740737714e+00
-4.545959532173466044e+00
-4.348714406020752321e+00
-4.808267000804660185e+00
-4.384410202156709957e+00
-4.177935410319873810e+00
-4.149472788074866969e+00
-3.823931782884441688e+00
-4.060451083835490138e+00
-4.313417761742506684e+00
-3.911664761618138808e+00
-3.827514612329188548e+00
-3.735474291895468646e+00
-3.871733237530313509e+00
-3.813786544341283946e+00
-3.951695906187634666e+00
-3.845661953072887052e+00
-3.841555008874758315e+00
-3.687238068565149796e+00
-3.669909502717894512e+00
-3.611120140523558231e+00
-3.528712461039901882e+00
-3.383432264130998401e+00
-3.349416806041182859e+00
-3.740718062730092441e+00
-3.296686763937283438e+00
-3.724807381934843953e+00
-3.361819705895341404e+00
-3.090933931300048343e+00
-3.838143917812419925e+00
-3.302631191309244763e+00
-3.631216417067402613e+00
-3.384256976679664408e+00
-3.740639786260825606e+00
-3.462095951670010496e+00
-3.631608542633541159e+00
-3.503554356803415093e+00
-3.594801616678514833e+00
-3.235222568972994761e+00
-3.373544590820636735e+00
-3.210247192924162718e+00
-3.293933264262772997e+00
-3.080312524484847714e+00
-2.976533978439322325e+00
-3.203730447871061315e+00
-3.553540111960134418e+00
-3.182392244019512262e+00
-3.352442840581014938e+00
-3.451385413369411737e+00
-3.362908187650488934e+00
-2.900037601223779404e+00
-3.221428969667940123e+00
-3.405121055325923685e+00
-3.481635615835338982e+00
-3.584211306900962235e+00
-3.357805970394745376e+00
-3.576225816648237466e+00
-3.218056564142189657e+00
-3.003798162407835370e+00
-3.375502211488712323e+00
-2.948799365992029298e+00
-2.986073708910070401e+00
-3.226961052831151200e+00
-3.136807945875579762e+00
-3.500274853805366959e+00
-3.294550848121760467e+00
-3.306752870385289089e+00
-3.415957171490816791e+00
-3.193826281481272567e+00
-3.282139801291927839e+00
-3.290102032124773146e+00
-3.050340812751701325e+00
-2.734944641722110603e+00
-3.414631236040741147e+00
-3.031239522049609114e+00
-3.158277358341836649e+00
-3.182126051157529112e+00
-3.512115375555625363e+00
-3.217958298520168015e+00
-3.165639222588907398e+00
-3.439178262531622288e+00
-3.426369952971368704e+00
-8.495927613017963509e+00
-8.662758031340253240e+00
-8.316197633930155320e+00
-7.868328432131683314e+00
-8.280945776343749287e+00
-7.906403761459716684e+00
-8.305550608595654083e+00
-8.061369673454610307e+00
-7.854698727931626934e+00
-8.205443489662977541e+00
-8.047996758060858014e+00
-7.855506982267469240e+00
-7.670478541321318566e+00
-6.619805653916037258e+00
-4.182561193868465033e+00
-2.564509368112598331e+00
-2.009080934347696967e+00
-1.619487665536776699e+00
-1.219031304401561266e+00
-9.605833747863666838e-01
-5.788721656863486942e-01
-1.011204004812920942e+00
-1.230637431459112863e+00
-7.980729502071367554e-01
-1.757699796238096024e+00
-2.159835831157239205e+00
-2.914234776732928189e+00
-4.340043711131051474e+00
-3.451122112301723277e+00
-2.102689199455110902e+00
-1.032520644193517079e+00
-8.511193947475832466e-01
-5.218533267269345188e-01
-3.283143204201561804e-01
-2.706922630417541442e-01
-2.397468653760606028e-01
-1.497234836521237900e-01
-1.542596021814164609e-01
-3.827156656215485730e-02
-1.180849652663104599e-01
-4.638892302578397908e-01
-1.172496899512109669e+00
-1.359411418416301975e+00
-2.017633355904973502e+00
-2.081654382545469417e+00
-1.667007229922315759e+00
-1.303993691907760155e+00
-1.203803178848438904e+00
-1.700633349304330189e+00
-1.500346246323040145e+00
-9.976966267463680538e-01
-3.166917419588294869e-01
2.059388797491342737e-01
1.915840589754502776e-01
-2.358863481248340832e-01
-5.832231850056734945e-02
-4.811503726529352543e-01
-7.215664724087660353e-01
-5.734340122368308812e-01
-1.168142937946481386e-03
-7.296202714664701272e-02
-1.997064510207047228e-02
-1.779467087440033124e-01
-8.497443674644893363e-01
1.023653320863243676e-01
3.388684452362145105e-01
6.385302719203279631e-01
7.840071723373551738e-01
8.119635731281003022e-01
6.548524955517475155e-01
7.638840513124047771e-01
7.027380654177116659e-01
9.843001608858914508e-01
9.804961505839195901e-01
1.045079269867026817e+00
8.587188619984253979e-01
1.086341799795174978e+00
1.024816497479249744e+00
1.061453151466713152e+00
1.075059211886945087e+00
1.412060947103409791e+00
1.564755786701550466e+00
1.342689032901625668e+00
1.554528044812111043e+00
1.587995075712019810e+00
1.194302814809969471e+00
1.658765764705929513e+00
1.395987154579348299e+00
1.136892125167126677e+00
1.132172025601372312e+00
1.072905078385607336e+00
1.118107782784435678e+00
1.030139103377825993e+00
1.386997015042107151e+00
1.352985583097852773e+00
1.593731702716888687e+00
1.529806485963167040e+00
1.055602507011652147e+00
1.669261738133336892e-01
-1.586351343639503808e+00
-4.278228111941842826e+00
-2.914358286204818071e+00
-3.406486881336496797e+00
-1.474752725447314727e+00
-1.725041664003413300e-01
9.554105508874222163e-02
-1.287980844716361262e-01
3.621059841159960380e-01
3.763233864405320928e-01
4.758734517598536273e-01
4.453391245310515112e-01
2.668331572286517517e-01
-3.293592892185553955e-02
5.296992782702036884e-02
-3.543472290341870279e-02
3.312637858020959225e-01
-1.129204873767684636e-01
-4.595984215524646643e-01
8.291999739656852331e-02
1.282311400489276609e-01
4.746434978687825712e-01
3.855251152159688832e-01
3.860510761495792309e-01
3.751187745372024374e-01
6.814558463278759248e-01
7.916703347013931413e-01
1.005930425950532614e+00
9.852402179416788197e-01
5.105414143299157326e-01
7.378264221432044856e-01
1.202305539116091060e+00
1.118652287800306677e+00
8.095016764649181074e-01
6.738188818990638040e-01
6.818685276500149328e-01
9.437742068985834898e-01
7.808117891918859854e-01
9.974037848926855521e-01
1.080532522298315534e+00
1.038226498749329263e+00
1.082884905418673549e+00
1.109589950861966656e+00
1.225218122151685129e+00
9.708311199144441517e-01
5.682972039316869228e-01
1.069613453872422237e+00
-8.019255517416886692e-01
-1.252575303298988363e+00
-8.104154366702435164e-01
-4.837680811462877206e-01
-4.209985467520996893e-01
-8.917851438635976402e-02
4.506003196100130115e-01
-4.041859023263127959e-02
8.457916645980962933e-01
8.218408768273861575e-01
1.103354015610497507e+00
1.254486401316488697e+00
1.325124606263461180e+00
1.198797584591869914e+00
4.641647926684320247e-01
5.370128851130285819e-01
-2.913349260259521234e-01
-1.139290726916254659e+00
-3.009008214134327730e+00
-2.487327532882631420e+00
-1.025281824504639783e+00
-1.923113986892439176e+00
-3.357273481968375162e+00
-1.779937046369998388e+00
-1.211602981984635230e+00
-1.734153698314945036e+00
-3.188748581162627271e+00
-2.544668126533523811e+00
-1.688903881873796031e+00
-8.006588892159864912e-01
-2.502008435911683426e-01
-1.725562051839930333e-01
-1.195080740406903874e-01
-4.273914993391298434e-01
-7.212747351235677673e-01
-2.187337810310513997e-01
2.900299810329206585e-01
5.405818755481088811e-01
7.839937221093213893e-01
7.346016594814741563e-01
9.053086510932264463e-01
7.995412092533140669e-01
8.179650689786890361e-01
3.611706729347035072e-01
5.511286731840716602e-01
-2.100586845993035745e-01
2.057373983857347932e-01
4.373969796385469566e-01
1.664404941123719395e-01
4.763881338689281986e-01
6.381533557754193176e-01
7.638486998887621393e-01
3.943585630053731972e-01
1.180674952872987182e+00
7.775380539087572984e-01
8.384541697915814940e-01
2.071036305542259814e-01
4.753430931282646155e-01
2.372706279750897984e-01
1.350607715697544897e-01
7.029024337256917221e-02
-1.599013037480143895e+00
-1.048816551060293811e+00
-1.247227232905525396e+00
-2.380580044953315877e+00
-1.230732095367917722e+00
-7.264456911805562411e-01
-4.906512312928240638e-01
-2.454716895571851687e+00
-1.053211048785610560e+00
-9.328975608795143648e-01
-2.478483170501942112e+00
-7.511507851406165059e-01
-2.924749066715897627e-01
-5.144283307551047457e-01
-3.991363117713568887e-01
-1.096885085932234327e+00
-1.003295847527872597e+00
1.894851450236451074e-02
-5.912858434142447273e-01
-1.075898203683922860e+00
-1.881044809956194275e+00
-1.452571316290093284e+00
-1.606954626596248437e+00
-6.091744868997618356e-01
-2.595237401604791216e+00
-1.279322888666120983e+00
-1.467253566719159519e+00
-1.711688738452587177e+00
-1.302234538015112353e-01
8.454797371190918565e-01
9.035128429229666303e-01
1.069949842490788949e+00
8.531304568718995895e-01
6.430153057862789678e-01
-1.735218929609453897e-01
-8.471662349696527095e-01
-6.652168137689489225e-01
2.194457259138009597e-01
9.001495692902290457e-01
7.500674505794036051e-01
-6.535130783571765356e-01
-5.907229245095544368e-01
2.985818055452371667e-01
6.535879915438578269e-01
8.863654588457803296e-01
8.460873360778013996e-01
9.259615953425028856e-01
1.119713274125754277e+00
7.284563762235720663e-01
1.208186589334952599e+00
8.329220782270918555e-01
8.573069116310987337e-01
7.721286976217829334e-01
8.861804955897292224e-01
-7.517453571800952750e-01
-1.338904108620209144e-02
6.200751487876102752e-01
8.937166186256257916e-01
4.843527046138809133e-01
-5.474132241440770041e-01
-2.954315135493390976e+00
-2.972400228744856321e+00
-1.265219469931549545e+00
-5.207440459274933486e-01
-1.053638336028490108e-01
1.619804533340275521e-01
-2.133020465670242283e-01
-1.146492105912608750e-01
-4.069777848227089656e-01
-2.881241459177917852e-01
-4.237889410519292133e-01
1.635174156200935869e-02
5.267203062665914981e-01
3.569941444634145977e-01
-7.461925707309713385e-02
3.931125815761825626e-01
7.775340556125203140e-01
3.414643026340367093e-01
4.676304561375215219e-01
-6.434545066719326023e-01
-6.962213817437612473e-01
-1.431255091608218954e+00
-1.995335714503726710e+00
-2.632888748244676336e+00
-1.074580543656784126e+00
-1.704700230422949048e+00
-7.202753882429853149e-01
2.035963754507013057e-01
5.319460170812275734e-01
5.799546752055875221e-01
3.544028590317885863e-01
3.660391348041753812e-01
2.906930350090536352e-02
4.121849882259175368e-01
7.407293438131363761e-01
3.663332611516846304e-01
-8.713819841982266556e-01
-6.741252015372289907e-01
-9.011227456248105394e-02
-3.091513697042080899e-01
-1.815851857710409023e+00
-8.866259971073690016e-01
-9.041522287433505500e-01
-5.265397903040995864e-01
3.219323482476490472e-01
9.310962127160635760e-01
7.411408142013371503e-01
4.233260754986717389e-01
-2.909380035787690888e-01
-6.189086116401701920e-01
2.130998060614829326e-01
3.004914356704335709e-01
-2.188612398090313604e+00
-5.783338721827050444e-01
-1.682252231078315563e-01
-7.142874296316514826e-01
1.683338546204572461e-01
2.405279049427706539e-01
-1.366468065754934180e+00
-2.102697896968527935e+00
-3.340099673282856507e+00
-2.578443157368512928e+00
-1.071549085642185872e+00
-1.021352433660243975e+00
-1.395256692407954358e+00
-9.285499326163040301e-01
-5.057639012347007190e-01
-3.404925265163095682e-01
-5.739000220229995008e-01
-2.144417229663573843e-01
-8.417534783804404563e-01
-5.700777678743962351e-02
3.769971306969521763e-02
2.576160660164600325e-01
1.540389328879084863e-01
1.048518126797415295e-01
-3.677790375408201973e-01
-3.326812804900821652e-01
-3.320618266226818549e-01
-1.412012759200748979e+00
-6.405262755497735938e-01
-5.687946653638039640e-01
-9.105807252521617157e-01
-2.389762474273616211e-01
-8.576531156127322753e-01
-8.980158308395469469e-01
-3.895750444449584959e-01
3.809838060962826845e-01
6.156382807923118650e-01
5.828925403368832026e-01
4.312304021546062849e-01
7.012832823847274799e-01
1.719453905935277027e-01
-3.635815963829369668e-01
-4.313572568530208429e-01
-4.431990766566743511e-01
-8.769278539561962127e-01
-1.757985278834111598e-01
8.386121451156719475e-02
8.712187453341169174e-02
-6.308693238171496631e-01
-7.030203049380449043e-01
-2.780033825208680920e+00
-4.094155025635419776e+00
-3.531717066467069621e+00
-3.483787532634603501e+00
-2.742902375366931267e+00
