5.256496366468923487e-01
4.897321799636089046e-01
3.266666506102198775e-01
3.699872716778323523e-01
5.268687970049346081e-01
4.615477446125758054e-01
2.280488769333061383e-01
4.823674894951845427e-01
2.109750664859991465e-01
4.936055423992740665e-01
-1.096596408717861598e-01
-9.819486840393749916e-02
-2.267626575859676280e-02
2.622962913494769066e-01
2.469062858755305678e-01
2.316529290507292893e-01
3.921148244980359743e-01
5.073217846735808001e-01
5.093361609012376778e-01
7.891144934733237415e-01
7.742865123998819987e-01
8.374031785729225685e-01
9.423207772409777361e-01
1.022750121492139508e+00
9.627760477328288768e-01
8.922518169810601529e-01
9.847564157971085974e-01
7.627889419683919758e-01
6.165204239723586221e-01
5.114069694610583472e-01
6.216382100711037584e-01
8.046062184768568715e-01
6.806715083882038941e-01
6.856975106103292417e-01
6.817833434452850172e-01
4.961241050418805920e-01
7.480187655972109217e-01
6.620221785004393178e-01
6.489919305352975787e-01
7.047663206799867908e-01
8.087371820920108423e-01
9.532662203480963825e-01
8.101457789503259121e-01
6.478930114426456610e-01
5.971824879022408217e-01
4.196849019109757939e-01
7.099063273644596883e-01
8.335936220479331915e-01
8.566422351452889217e-01
6.599030627552937567e-01
5.026126845098659590e-01
4.581926313854470245e-01
3.063838511804451437e-01
5.157295249615899690e-01
4.119048228629577646e-01
5.101220093447356163e-01
6.073543627579494064e-01
4.438750150194057387e-01
8.612604170087151401e-01
7.192719466547345952e-01
8.407783674895559223e-01
4.594082157647261799e-01
4.123680076392849392e-01
4.522738751627732312e-01
5.724088695086989587e-01
3.204041900282704192e-01
4.716457238294593513e-01
7.512698226728725150e-03
-1.576728936866195196e-01
5.949537150114920375e-02
3.322037195432591128e-01
-1.206061329221606582e-01
2.623448646152525265e-01
2.888723101954681627e-01
6.545942355441164429e-01
1.934000704389892966e-01
4.071640164347742341e-01
7.351342017940381002e-01
9.123969300020319251e-01
8.336588487474436704e-01
7.470264545387161892e-01
9.353173399356948803e-01
1.011994808798150958e+00
7.584852381922281284e-01
8.897554285228281845e-01
9.959398024014051165e-01
1.127253936584496019e+00
1.035244572962437992e+00
1.053924363007156417e+00
1.092598661121356063e+00
1.222391949439050496e+00
1.107282673212292901e+00
9.034548997239817414e-01
9.250904933786527895e-01
5.519914115981009450e-01
6.157756950348328706e-01
7.019380473404300824e-01
8.701144390638754222e-01
8.663993646542154092e-01
7.401513381369659861e-01
7.436609159482705511e-01
7.270610695000019330e-01
8.762440615601609917e-01
7.860227459275755946e-01
8.207342588765039748e-01
1.094802045319942074e+00
1.161435714906803973e+00
1.098909708468104096e+00
1.046779347302080110e+00
9.560443647272025558e-01
9.351502124063114652e-01
8.606894546510219790e-01
9.614868737735551285e-01
3.905606509561455053e-01
1.322755639871832367e-01
8.822069223071446475e-02
7.914360823681058921e-02
1.558630026543061098e-01
2.929090619495956505e-01
3.878288571321896194e-01
4.977013157461862569e-01
1.808334205802384631e-01
1.183828986942264266e-01
3.992494403926060698e-01
2.703882045689173230e-01
4.011178560473604437e-01
5.384155086367776732e-01
7.224943356100912428e-01
9.266011567911645042e-01
6.255288175630822067e-01
1.006880012262071578e+00
1.215503842737287732e+00
1.211453287181519567e+00
1.138143116034175950e+00
1.212205714161655568e+00
1.242892470630269086e+00
9.516240236733498614e-01
8.523781171530874223e-01
1.082636106809061749e+00
7.749294629582357263e-01
8.717355098845638306e-01
-3.737336371967059923e-01
-7.729786674340156649e-01
2.817584129380009128e-01
7.840069295822270634e-01
-6.088043852611749740e-01
5.523301239446671840e-01
3.142571433252330793e-01
8.259076177301012400e-01
-1.024964957565904111e+00
-1.567199176304689745e+00
-7.332480526161098133e-01
-3.862075491674765160e-01
-1.061179457632214662e+00
-1.128781492624950422e+00
-1.754407849748248927e+00
-1.409957186000337481e+00
-1.410656366091719516e+00
-1.252113260853965571e+00
-1.507792421648585179e+00
-2.927911813957817078e+00
-1.475616831337204449e+00
-1.605114619584780689e-01
2.300074971047044448e-01
1.677357470335346656e-01
3.523779492812301739e-01
7.521967259608229872e-01
5.896379998232483821e-01
7.657161361249622544e-01
8.155893125392807974e-01
9.210864300361012447e-01
9.614933279874114946e-01
4.777308806439216071e-01
9.562721185235874000e-01
1.015510695763546245e+00
1.112750754470936965e+00
1.090420151949814009e+00
1.204352464811936363e+00
8.524909046616373498e-01
1.059004811542114233e+00
7.367782104924645026e-01
1.082092873920469822e+00
1.011265694161892048e+00
4.959839787093983099e-01
7.200963569626422922e-01
8.274514224628701786e-01
9.909635858856497004e-01
5.044272003050980224e-01
7.378837446184602911e-01
6.631252804787054478e-01
7.673192265551144198e-01
9.357790721839650550e-01
8.759114977398358981e-01
5.974178149846099961e-01
7.130336665475730529e-01
4.005625814479572000e-01
3.888465884122197513e-01
4.118524170986491151e-01
-5.324576318061502445e-01
1.856978241318457956e-01
9.676521092137545244e-02
2.162939405450888253e-01
4.120879905986543634e-01
1.699262967506018074e-01
-2.226193201675438216e-01
4.544764545364476382e-01
2.898941707080417846e-02
6.120072438897105477e-02
-2.988079374076960670e-01
-9.079188853782211854e-01
-2.014340663271933174e+00
-9.614858498565003186e-01
-2.045530577242678921e-02
3.274273346667192497e-01
1.339168071686918648e-01
4.243102773165026709e-01
5.267632796228063352e-01
4.666084410705277352e-01
5.156915611631381902e-01
5.149759430788545256e-01
7.265599104016933207e-01
8.247592080070271781e-01
1.459660576646688301e-01
-1.074984275453781724e+00
-4.921780834426504048e-01
3.011242901119116078e-01
3.558888534393346292e-01
8.549688038677658586e-01
7.890974892584305955e-01
3.433982143234030060e-01
2.225872507534640554e-01
-2.386706020415205465e-01
-1.013177002366300039e+00
-1.154135042455681548e+00
-6.738763521812819457e-01
-2.120259446918821566e-01
1.651954551626106521e-02
5.904158482691882620e-02
5.331422114004356200e-02
2.583275388828991659e-01
5.139993674393845691e-01
6.819629233069881558e-01
-2.590358468916573176e-01
-1.126648117687198969e+00
-1.281395126323251477e+00
-7.778046071178352783e-01
-4.544086474094100603e-01
-5.413374544715456732e-02
-2.045786822307538722e-01
1.470717212907308169e-01
4.082450933199243681e-01
6.216611605915964844e-01
3.051826686364020325e-01
4.874801450243397838e-01
-3.074648947555669865e-01
9.868924401752000863e-02
5.821122975167098978e-01
5.481954153104642291e-01
-1.195007867184103706e-01
2.781324566768344497e-01
3.528950722081583558e-01
4.989232495247912236e-01
8.313552845071350283e-01
4.992026081247118996e-01
3.619568411700320731e-01
8.652887005821108257e-01
9.913593506351089379e-01
6.821817301392111288e-01
5.198714095169373328e-01
2.258312156600756487e-02
5.039703970192241922e-01
-2.437228553962751901e-05
2.956953010433252538e-01
1.259698140695126589e-01
1.410193235994563477e-01
-1.274628905639558218e-01
3.223381147618901155e-01
-1.845057904515879921e-01
-1.859305661266181797e-01
-3.917008438078214416e-01
-8.327132516661488182e-02
-2.856482616304959476e-01
-1.828938970863268343e-01
-3.342938449289075131e-01
-5.300448160952581783e-02
-4.369817797005194349e-01
7.214762677183593487e-02
2.699432835743069692e-01
2.738165546134231354e-01
-7.341729483955581337e-01
-7.796459619838622644e-03
-2.007113610346439037e-01
4.461701223206910316e-01
5.959667865558078148e-01
2.584136670724232476e-01
4.292388936735136440e-01
3.502180556013804735e-01
6.758995330569342874e-01
7.417286412781197713e-01
7.784608537633216363e-01
6.548562874732630767e-01
7.708564481113615585e-01
3.797042801194533967e-01
-1.369762480719655118e-01
-7.499565212442891315e-01
-1.357450710790129023e+00
-6.280502950857242972e-01
-1.294217237703582768e+00
3.088777677070938532e-01
-1.209564714042611788e+00
-8.732295541593180221e-01
1.389579468093738723e-01
1.180161443289266116e-02
2.026434170076033547e-01
4.900755555974602995e-01
3.838629366404843202e-01
6.540270866768249647e-01
7.462326923811022361e-01
6.628117005603766376e-01
5.015710043727076295e-01
6.272501550132143500e-01
6.567659543361011876e-01
7.930845403656018311e-01
9.899323216393320912e-01
1.326720521991098689e+00
4.269816711148907706e-01
-1.174305049264508849e+00
8.706089418393740675e-02
3.208014685157518642e-01
-1.558521533013272009e+00
7.117676898997186974e-02
5.708573544104988962e-01
6.782005623277554962e-01
4.810103565553482952e-01
3.886151503501798082e-02
1.426737821878271140e-01
4.222679336121493154e-01
6.471870320503767537e-01
5.866355551944345548e-01
6.105304623713851964e-01
3.822624428457795931e-01
1.686426656809320024e-01
7.938547603890566684e-01
8.271249309556423235e-01
5.983390106555320775e-01
7.669789844468608564e-01
8.416508776866411523e-01
7.966863029354287473e-01
5.534410816876296213e-01
5.475998627982338052e-01
5.585081313870059461e-01
4.195468976993489973e-01
4.843420024064359897e-01
7.662234355682102649e-01
4.365851032252696801e-02
-1.154058845817722695e-01
2.043015772308107436e-01
-1.676015192510255380e-01
6.475443966007803087e-02
8.265652170878747818e-01
9.656674955547890349e-01
7.072085458613601439e-02
4.253646731840221018e-01
7.023605611540864047e-01
4.862477834168353885e-01
8.557353179275535293e-01
7.636889480339283942e-01
6.013747882790215771e-01
3.077240486141940567e-01
8.590693295572044974e-01
1.510367995448281153e+00
5.272725471450561141e-01
7.666171131491925639e-01
8.318456057510646984e-01
8.971420903447098194e-01
1.057890736386565278e+00
7.498423346189524441e-01
9.898485558774112736e-01
8.838148565852516070e-01
4.185051456449946916e-01
2.177782807980354340e-01
4.884806291544994683e-01
6.630443736121192089e-01
7.604610448139448309e-01
7.400560748055980964e-01
3.894736417609463985e-01
6.078121985341292666e-01
1.008034815378106464e+00
6.819768346482064647e-01
7.833424939938011811e-01
7.452449731236845398e-01
6.323600920647720613e-01
7.393435546846038875e-01
6.129198043397836582e-01
7.331776030122182375e-01
2.034338095426599102e-01
5.028451639746205348e-01
7.375345932016625916e-01
8.283620332608490067e-01
7.144965764984747558e-01
3.058579410721274927e-01
-1.518503738886582966e-01
4.627550854480542292e-02
4.099109831577402163e-01
7.887987805652618700e-01
1.222459281057233643e-01
3.469230928910563283e-01
2.719756479871095478e-01
1.567715329630030990e-02
-8.602266804163287706e-01
-9.583426175836257110e-01
-1.439355764068925569e-01
1.618497751078334101e-01
5.243606669813738463e-01
3.447418155155725361e-01
-3.032364718651799906e-01
-2.287226836148611719e-01
2.122322649956230600e-01
2.929200129670857522e-01
-8.142309540785939159e-01
-7.251657253132549885e-02
4.570104043072260036e-01
3.422122383113931909e-01
-4.206118853444966166e-01
-5.857924507602906283e-01
-4.270673150432317544e-01
-4.439686860210431685e-01
-9.249475277004688689e-02
-6.880099954928386996e-01
-1.364724674371937674e+00
-1.475441933395763794e+00
-1.425669248829582125e+00
-1.191835758348649188e+00
-3.016242857227577900e-01
-7.493784115137171187e-02
4.667147556557035837e-02
-2.208348065431699203e-01
-1.576592267018875060e-01
-7.254386440659915669e-01
-2.397540119409878601e-01
2.074148635456821432e-01
-2.764863609215904572e-01
-2.281803437187917283e-01
8.724536193841593568e-03
2.717811487884271293e-01
4.780344052150790057e-01
3.568598251775277896e-01
-1.525141265764013432e-01
-5.269433166983378096e-03
2.785507438579525319e-01
5.208728673421213484e-01
3.385121928985502793e-01
3.918678419181756967e-01
4.424552295595989837e-01
5.195582616546419175e-01
5.367142318300115456e-01
4.796100178567588856e-01
6.841282141301980868e-01
6.724879479762714274e-01
4.686224637685642569e-01
-3.075822213584780696e-01
-9.314997081157592174e-01
-6.411496551605300187e-01
-6.506493754116056127e-01
-7.845696420690179140e-01
-5.828428071692153267e-01
7.417127797915236409e-02
-2.760774437159614347e-01
-1.573822809133379463e-01
-1.546675860145026449e-01
-2.731602345775525041e-03
-1.317970600375296453e+00
-5.289900996560396029e-01
-1.862005108326051650e-01
1.620575287118056484e-01
7.080953152650473759e-02
-6.505804190844681756e-01
-1.002559865239787795e+00
-7.190477125613731202e-01
-1.309524798676465762e+00
-1.631472815070893478e+00
-9.371761390647883605e-01
-1.880940038048829921e+00
-2.077292776381512329e+00
-7.926924215204016466e-01
3.578392832871582496e-01
3.591706424336753578e-01
2.441837709766434550e-01
1.113778722145837702e-01
4.001068913202710520e-01
2.540633502262321097e-01
2.254987285028144661e-01
5.639582334146879816e-01
8.124864543295631236e-01
7.353999983376902083e-01
7.543206253902210445e-01
6.603241397388197598e-01
8.065779197276610191e-01
6.306241967626053935e-01
5.445098314479782653e-01
4.508726830379765071e-01
2.140909468364326218e-01
-7.729231015812616512e-01
-6.100238405819302656e-01
-3.021897150476203775e-01
-3.006488091887803832e-02
1.324225779263037694e-01
-7.752936011895017465e-01
-5.410578940006829374e-01
3.824188649513907134e-01
-8.510938123070042882e-02
4.793371667378513723e-01
7.348259210979316558e-01
-4.481138493091704061e-02
6.395534092351515820e-01
7.111218877623445289e-01
9.052156756204146060e-01
1.022658748592321087e+00
8.036352284215699804e-01
8.878557896942510519e-01
6.890148869653403008e-01
7.484729012722433072e-01
5.255202115655351891e-01
1.774977906562469621e-01
-8.814648706216329233e-01
-4.516147350236163205e-01
2.966155125130379155e-01
7.407199798877165398e-01
-4.619240933765562107e-01
-3.638187150892207566e-01
-2.084037016307351692e-02
3.914770614206040111e-01
5.265112193683565422e-01
5.544975879753757386e-01
-6.174047890931669835e-01
-1.465328020391451380e+00
2.837029183334430910e-02
-8.417263612922806226e-01
-4.561969265758241687e-01
-1.025944747522210321e+00
-1.940127790704312183e+00
-4.996175847434087269e-01
-9.318093306978154911e-02
-4.538843432985858461e-01
2.274720343529005595e-01
6.625668892100310403e-01
6.590422776734603527e-01
3.722066108776539983e-01
6.646111613434735332e-01
5.910201217935384665e-01
-3.643105844680236127e-01
1.452073387228441648e-01
3.095485710351528197e-01
3.043696570559873416e-01
-1.817738327178991253e-01
-1.261161014865542773e+00
-2.147324887861300713e+00
-1.435922202760219424e+00
-1.177133848902965907e+00
-4.542169514056407231e-01
-1.874412814952641088e-02
-1.522481720335271127e-01
-1.251077532264549985e+00
-7.412642787363997732e-01
3.097377652612035709e-02
1.458131143414587994e-01
3.686789730093333328e-01
6.900143279434756138e-01
2.325259394158129822e-01
-3.519002128281304986e-01
-5.891465524468961767e-01
4.315026164240933215e-01
7.569715577900293368e-01
5.124502103421745280e-01
5.907105143147987070e-01
5.611862015969369955e-01
7.449648265367647682e-01
2.701494511311880453e-01
3.505280117331048828e-01
6.987300660264501861e-02
2.455660375923971600e-02
-1.042751192172305386e+00
-1.579256284084695761e+00
-2.737893699336711339e+00
-1.686920862994032877e+00
-6.992070338876813507e-01
-7.172096360124321501e-01
-1.472089052797633579e+00
-1.758172022372249232e+00
-5.571696136834025648e-01
-1.278374311027136834e+00
-2.228374701153426507e+00
-1.449018788815120029e+00
-1.846077633347705582e+00
-1.397510740677550212e+00
1.032359830736410827e-01
-2.127344828185925019e-01
-2.469128004055295700e-01
2.539852315092274750e-03
-4.235741928115995258e-01
3.733971408272039327e-01
2.852333511383766673e-01
4.227526380691275509e-01
8.616553150122848725e-01
7.351134713017806188e-01
3.275287143978031223e-01
-1.016938275429348226e-01
-5.932121302694089993e-01
-2.000065619984768006e-01
1.788142008853465248e-01
3.070954324776511979e-01
1.622105916986213703e-01
-8.246126371336913452e-02
-8.145886673137412437e-01
-1.442934089371253004e+00
-5.300119820142145111e-01
-5.035191727944893225e-01
-4.648001388465817230e-01
-2.330759602286196219e-01
-5.805812438064312797e-01
-1.520652374653673977e+00
-2.183589130219814489e+00
-7.883421223691882140e-01
-4.312996393487543156e-01
-1.297695088247385609e-01
-9.639779441457037024e-01
-5.781566440484778857e-01
-1.205508116150963538e+00
-1.212011397384553879e+00
-1.321950770576792555e+00
-6.013963534901356489e-01
-7.598249185726938526e-01
-1.376867339417823910e+00
-1.233374747234310176e+00
-1.536326556531051990e+00
-4.546315408417204162e-01
5.986875935605422833e-02
4.595022671140692738e-01
3.878590822270065464e-01
4.648493149490172671e-01
3.331898989165135716e-01
5.614580187398537925e-01
2.501765297041269598e-01
3.668064529905818993e-01
-2.312464405756616825e-01
-1.623138127215967508e+00
-1.000809718383207869e+00
-1.665179167412630112e-01
-4.493830465457639423e-01
-1.362398277702445426e-01
-2.544174200338809588e-01
3.023900774053150942e-01
-3.503718679209056885e-01
-1.324935612121233841e-01
-5.947260736162320871e-01
-1.166263210121658345e+00
-1.791291332527500169e+00
-1.753854116268610985e+00
-1.340901341869546126e+00
-4.664071639529180913e-01
-1.238393543504143907e-01
1.982304914132717311e-01
2.335982569253887975e-01
1.949063582343891210e-01
3.722814360423207236e-01
1.086526422191986391e-02
2.638428550578999499e-01
1.933619010955251738e-01
6.006493394814976794e-01
3.152922730580381971e-01
7.074419965180543945e-01
1.527413797406981522e-01
5.618066179893825840e-01
5.463066752360048461e-01
1.733070584061702502e-01
3.859918240779197096e-01
4.512196169348107189e-01
5.498303542250694287e-01
-5.921745124021850909e-02
1.453237196806841658e-01
4.092066963830549020e-01
5.024819937414527482e-01
5.777429636908879562e-01
5.741392078625979778e-01
3.933845930578820371e-01
-5.507402751297438975e-02
-1.892707558418015301e-01
-2.636459471094938500e-01
-5.585837225798740563e-02
7.842854385755419766e-02
4.844884874372334393e-01
6.711431693017695377e-01
2.134406177812873950e-01
1.712739361061522969e-01
-1.046831025517773739e+00
1.550998329352613336e-01
-8.681220200466221656e-04
5.641984615708275363e-01
4.878152020577685710e-01
4.403455748215384102e-01
1.800287856543161293e-03
-1.379931822662626151e-01
-2.567026766848946040e-01
3.786428018567625925e-02
2.497957515991485952e-02
9.695620621568717956e-02
2.978177883749514865e-01
5.101906658308426046e-01
5.811357524038071043e-01
3.769486443513186402e-01
4.702823021610230136e-01
3.524997909539512864e-01
4.127577813191980471e-01
1.623750495248378334e-01
3.318351291962280958e-01
3.115973732469343727e-01
4.086578162617149901e-01
2.420514427180354422e-01
-1.867232055311960487e-02
2.895610826948303296e-01
4.683623417955404267e-01
3.274967535106024230e-01
3.291160559429769927e-01
1.776626705249664262e-01
4.276369773691039988e-01
8.894568384534191907e-02
2.884481942867174742e-01
4.526415058187568952e-01
3.276842341870213615e-01
-2.550353330298112953e-01
-1.630138989958447582e-01
6.246415635739890372e-03
1.419100939411717943e-01
1.413176437329504154e-01
2.597094186802989535e-01
6.917575451592063163e-02
4.061661386352570513e-02
5.765199208204804110e-02
-3.010915255306512162e-01
-3.491697717743196816e-01
-8.928305541258770017e-02
-5.950524004612883777e-01
1.240339002083454961e-01
5.661408233302608339e-01
6.849558708692496944e-01
2.431867463884173353e-01
-3.678524931604004178e-01
-1.043304035809015984e+00
-2.526594776004915111e-01
1.311553462536008824e-02
5.004763924069589864e-02
4.360567856980552409e-02
2.938204458701946242e-01
-2.611452018312693246e-02
-8.352725657469934895e-01
-1.033287736878145457e+00
-1.391011208772663099e-01
3.034902963907680218e-01
2.187557177750753257e-01
5.594596646042775401e-01
3.771013935560267871e-01
9.041775480556006606e-02
1.215346007984877547e-01
1.960091346847542271e-01
3.307024683268978693e-01
2.715010108442157954e-01
-6.242683394391948526e-02
-5.509981176087854760e-01
-3.383897734920502352e-03
-8.774997381979113276e-02
1.909124369197435778e-01
1.391799044289767362e-01
-1.748378214704637834e-01
6.795176714911745075e-02
6.730037394603759215e-02
-1.089269056833581883e+00
-1.430351511356458882e+00
-8.838765429227991577e-01
2.002178912296776747e-01
3.172779452314463122e-01
1.516351644070288579e-02
4.012077863327049299e-01
4.779170734493752848e-01
5.500477488704670348e-01
3.571575617264008962e-01
-3.300391064252369139e-02
-2.432065342396775576e-01
-5.777107711117054206e-02
-3.936385222468686274e-01
-1.581048943793294193e+00
-1.224032955998434202e+00
-7.649512512686651444e-01
-7.734975856163953667e-01
-1.162038071936154049e+00
-2.039032112931943086e+00
-1.268068552971185481e+00
-1.615144602730706147e+00
-1.858810211166703974e+00
-6.682495374878903993e-01
-1.978653644490754038e-01
4.830734635574503999e-01
4.090316714730569125e-01
5.044962539772551713e-01
4.544971220360574105e-01
3.557343550743506388e-01
-3.358581589588963134e-01
-3.113969182895239829e-01
1.054012282710855980e-01
1.208376030675506752e-01
-4.194466900303213674e-01
-1.309231163480385707e+00
-8.021185375797499351e-01
1.456939504853833611e-01
2.371806324604243399e-01
6.239768525656146370e-01
5.579150144504517739e-01
3.765494236557546670e-01
5.615477386499441170e-01
6.995293905005729451e-01
7.530469049337688014e-01
8.013034892443310353e-01
5.298532638160793340e-01
6.332071204168852052e-01
7.281522467438841240e-01
8.445785143678498086e-01
3.741167071847761316e-01
4.637052688827497104e-01
5.371765678217423901e-01
5.721589353379772369e-01
5.529803312135536109e-01
4.970921360314443094e-01
3.657805776921085883e-01
6.397158684491017766e-01
6.198154364360971558e-01
4.525636242173561308e-01
7.296830467385898578e-01
2.906494382992698133e-01
4.599368464733622486e-01
3.527396968972993929e-01
2.623931857530081846e-01
4.662809890610236097e-01
7.111109420731582809e-01
7.739118400877591508e-01
3.193745440288168203e-01
2.376687613426581996e-02
9.331497281089258522e-02
-3.753236223097574653e-01
-1.370016888220819684e+00
-2.148799667360626664e+00
-8.206156655846460479e-01
-7.925994389618551406e-01
-2.099978039618469960e+00
-2.511509059550154799e+00
-6.354686182552023999e-01
1.846433966177911945e-01
5.131275051961725966e-04
1.054068678800547249e-01
4.424976241979319269e-01
3.992394415148804443e-01
3.842037034747441404e-01
-3.226988189057982126e-01
-2.821985519307793622e-01
-3.754660105738696213e-02
1.550405879002148268e-01
-3.065875060564612897e-02
5.724166208876315526e-02
-3.490114962293626166e-01
1.549353051779584212e-01
2.328291894433814624e-01
-2.130292097864181500e-01
-1.119059514095673391e+00
-3.873185333288153287e-01
3.982314260430181441e-01
2.597571634409405750e-01
3.513355510674461279e-01
4.389101685407532094e-01
6.750892140436336453e-01
2.000880118157162546e-01
-5.281927180119468934e-01
-2.855889370757730972e-01
1.963049830613926572e-01
-4.265675457787991842e-01
1.698275114459516649e-02
3.264034460698506113e-01
1.617806600923352156e-01
4.365534272172083008e-01
3.115044145110608675e-01
3.318602586771163820e-01
3.944935597109406333e-01
4.511643830494578844e-01
3.404072959792494024e-01
2.007299800982195459e-01
4.630309566838524682e-01
9.206979103227815042e-02
2.431706220730392720e-01
1.528638804905240733e-01
2.642461836267359643e-01
3.307259935298349496e-01
-6.863245549231149489e-01
-1.564261738297997528e+00
-1.732753332375437161e+00
-5.064820575812365444e-01
-8.874510228022960412e-01
-8.249395851578818217e-02
-3.524947242326289393e-02
4.213576555492556941e-01
2.173603725119846453e-01
3.680389554993069301e-01
1.277183358983917938e-01
2.359619522465623842e-01
1.505180476515678156e-01
2.914328323227872164e-01
-3.326265803216523764e-01
-9.921489879784521626e-02
-1.813863081703817881e-01
-6.320328263476835406e-01
-1.621797830942221852e+00
-7.045411625044303294e-01
-6.882833613019374852e-02
-3.924537024712143052e-01
-2.586282397443148140e-01
-1.169917245615308188e+00
-1.606873692495410788e+00
-1.022168082087666630e+00
-1.590738041775352218e-01
-2.215367505654234070e-01
7.132487176932723882e-02
-4.266676394993031418e-01
-4.424171619469056127e-01
-2.083510352792747877e-01
1.181837370497127587e-02
2.641608108207631478e-01
2.056781233651963081e-01
-6.879703657562568075e-01
-1.434677579278405835e-01
2.688214818065741141e-01
1.155343380960416055e-01
3.128990888126259029e-01
-1.100757361664215367e-01
-4.260290405714605710e-01
-7.122287160131393069e-01
-9.130808720483031271e-01
-6.749173816572596740e-01
-5.015709726858561535e-01
-1.310375667236567676e-01
-2.718306072867132106e-01
-2.372881077179663650e-02
8.075578997788650237e-02
3.722838933306648612e-01
6.902532320818317579e-01
5.389004466682303374e-01
7.848261884262732746e-01
5.391227925280236422e-01
7.265991096192800924e-01
5.604433352462666607e-01
1.616692819715357110e-01
3.964140941175107319e-02
2.341265591072125979e-02
-4.036575883217210503e-01
1.185118028633035392e-01
2.892995579570974835e-02
1.184510457473648276e-01
4.558327295513396327e-01
4.002552279099155785e-01
-4.445818187568170710e-01
-1.254743169770795141e+00
1.235811213846503137e-01
-5.282410748321417771e-01
-8.542754701985009191e-01
-3.040924531938952735e-01
-6.914080482864068955e-01
-6.067070437012243023e-01
-7.592086577763391964e-02
-1.906764027290597935e-02
-2.304513239378798428e-01
-6.961344134920784965e-01
-1.034825006298436323e+00
-7.479046295437513647e-01
-1.537838981227364954e+00
-2.065070840718886025e+00
-1.307250814071611700e+00
-6.412882892661810053e-02
3.016964331438667379e-01
8.150324595127232674e-02
2.660618368916610743e-01
3.408054614563017504e-01
5.499552600691237636e-01
4.214940629080596857e-01
1.984430831565386077e-01
-8.753201867322770724e-01
3.835787681992598036e-02
2.175583471616923947e-01
2.392666156281743617e-01
2.829495014622721710e-02
-6.167504622459789587e-01
-2.026874075286859977e-01
-1.347546172987513502e-01
2.074700939921690912e-01
4.361050375360981390e-01
2.001422343195264908e-01
4.656066715784566989e-01
4.359739944728290850e-01
4.717591352370070212e-01
8.773319421261631390e-02
-7.288084233617310170e-01
-5.236760590217803824e-01
-7.177793587510998830e-01
1.857742435002116693e-02
1.676111515514192296e-01
4.590564277662921300e-01
1.935595220181477727e-01
4.550400904719270057e-01
7.464783473611228404e-01
7.861098503732266707e-01
7.063640503788526370e-01
6.314518430195227294e-01
9.597961562956340842e-01
-2.226943661214682985e-02
5.940003429938821577e-01
5.901266640162452504e-01
7.221166244934807965e-01
5.489358471160539210e-01
2.729186014773339886e-01
5.824197689111831888e-01
3.466397244102925046e-01
2.178174259101006427e-01
-2.939685211653208369e-02
2.113473829123347913e-01
-1.264723767431412460e+00
-8.728931312621454053e-01
1.162369068164431501e-01
7.346944040724634473e-02
3.498964750090111653e-01
4.519991907716054413e-01
7.134666734355763484e-01
-3.249542835065814539e-01
-1.716436117086659774e+00
-6.684319567121826955e-01
-9.457074064196581142e-01
-1.145616431022177695e+00
-2.595361723622207628e-01
3.341818056756631905e-01
5.726528710967571101e-01
6.434666257552874580e-01
5.149143562497104920e-01
9.601511255368426478e-02
2.270723540499843540e-01
4.653263157187485510e-01
4.508137606285076981e-01
5.116668390091011487e-01
6.330853073626870886e-01
7.764781661036246341e-01
5.907519356643791131e-01
1.371802660764173398e-01
5.183198277155214306e-01
-1.907148947993325405e-01
2.336220888388422512e-01
4.273100252480821482e-01
3.848650181675385418e-01
-2.007096046991626859e-01
4.407502520769364662e-01
5.351594799794505697e-01
3.755998398256956694e-01
-8.141026480672768073e-03
-4.750445679121048648e-01
4.153426265391740868e-01
9.225709177534353600e-01
4.276359232573938018e-01
-6.121946076036640511e-02
4.095396906539379156e-01
6.879059919152022973e-01
7.655060170996313973e-01
6.933679168562687511e-01
1.355139334682336216e-01
1.695537837109856449e-01
3.169233198112356154e-01
4.156654645554850869e-01
-8.973333744956912827e-01
1.486616617077028135e-01
8.611924820121392987e-02
4.228179069442772331e-01
2.756589375263552300e-01
-7.126521080927508689e-02
-1.075481956722802668e+00
1.843449156112945964e-01
6.408806409026054363e-01
7.291812573791820462e-01
6.625850728543483115e-01
7.580910239563529718e-01
1.012199821128943356e+00
3.774401006832331373e-01
4.439938692926495567e-01
2.208660046860857762e-01
5.013777902334919379e-01
1.823334987487491843e-01
9.423284267693761151e-01
8.539617180733234392e-01
2.958373714125298731e-02
3.360673688478059140e-01
4.604435038297418070e-01
3.709961921668181728e-01
4.758548071200999208e-01
1.213590478578150805e-01
7.141587627911274438e-01
9.893065298401668706e-01
4.209918510216231202e-01
-9.883506905385559815e-02
-1.581170611500162249e-01
-5.027852042200231519e-01
-2.483773124436448876e-01
-1.229729374837741501e-01
1.178347832275740692e-01
2.660681839426871087e-01
3.745429219213978200e-01
2.912108627853313148e-01
4.988635869857008243e-01
-8.073041831245204858e-02
5.011198569183897833e-01
3.015277093821367993e-01
1.699224638799547993e-01
4.686163324578775380e-01
2.626530253022636985e-01
6.479154248092742208e-01
3.332763941533409269e-01
6.021101757860689574e-01
4.113340082677861137e-02
-2.071085939583135471e-01
2.365209671599256824e-01
2.797866400577291857e-01
2.740027024192800975e-01
-1.841141192358787537e-02
-4.683723958199491610e-01
-9.174685481446030744e-02
3.527772220023631111e-01
5.117165976943195416e-01
7.665922187953282396e-01
6.580084968013280022e-01
3.920305254621613278e-01
5.716990843006530820e-01
7.613377280828883542e-01
9.264346365115440074e-01
1.011820511642569365e+00
8.537766103938402296e-01
-9.592045199781927545e-03
3.729305503371215802e-01
7.400969605120559514e-02
1.978590346460502303e-01
5.089694951065594219e-01
5.280674187970675337e-01
1.312040496087981400e-01
-6.188284926317858536e-01
-1.179714009975221467e+00
-5.347080845735634469e-01
1.478864031083693409e-01
1.894235412060193274e-02
2.648698729165200327e-01
4.247192934454076529e-01
-1.223183819458783933e-01
-1.852149051374076261e-01
6.105612757715699924e-03
2.115450727274133247e-01
4.118498195139945750e-01
4.545167438914664015e-01
3.709674818006838404e-01
8.136341643172761984e-01
9.642278716261718507e-01
8.242426823119146650e-01
1.012508734068860106e+00
3.018424837291380780e-01
9.505455901245339623e-02
5.411644060512888627e-02
4.635883299179707762e-01
-9.789330701270658464e-03
3.916696164576863315e-01
7.420030098964597309e-01
8.950095167892482273e-01
1.020730557143038286e+00
9.535753729720672922e-01
1.121867778982520214e+00
6.897933007517245141e-01
1.056320912401545575e+00
1.051689459417552985e+00
8.934856797291330643e-01
8.848354032032421657e-01
7.582503242360649764e-01
5.946224908577875112e-01
6.185170815659490895e-01
7.278375993003001199e-01
3.170364021129631338e-01
1.903223722424947917e-01
4.109760096288029296e-01
1.375869559071850878e-01
-1.166898717153803527e-01
-1.054344131359544467e-01
1.505545068378291440e-01
-3.056926904624340247e-01
-1.080090938814385303e-03
2.177569285970155366e-01
4.095586146676767902e-01
3.991064497050758053e-01
7.335070319884472168e-02
2.370025725131252592e-01
3.098508413476681045e-01
5.055805959745899442e-02
-5.762544454363772717e-01
-6.925059854482179533e-01
-3.815379998512754556e-01
-1.665839903524749810e-01
-7.209098500982328260e-03
8.286588206067473095e-02
-2.482530211433505406e-03
-3.031706663082121556e-01
-4.422737981530965312e-01
-1.560456563393634033e-01
5.486576819054380695e-03
1.444532402097356838e-01
4.405015019943626653e-01
1.276101131398074962e-01
2.314276515402120815e-01
2.764914004807505488e-01
-1.461827117815349131e-01
4.618620186526930550e-03
-4.882217297095364089e-02
5.407795227369410762e-01
6.625424641568483652e-01
6.156327258474695308e-01
5.703020631266870755e-01
6.202640633423011085e-01
4.390627500817328444e-01
6.357496827395212602e-01
6.247165526753304388e-01
6.557358547198670617e-01
7.904819593361552821e-01
6.772319703814088099e-01
5.883883372763683006e-01
6.900867737553140202e-01
6.315890905396361887e-01
2.179181061437280020e-01
1.821610741632160579e-01
2.316276050476155923e-01
9.175818712166405877e-02
2.282244719795614718e-01
1.408731350002074556e-01
-7.341399085033684102e-01
-1.346708396011077724e+00
-1.411501245296034712e+00
-1.718036198259527580e+00
-1.696691830043209448e+00
-2.092424458453432390e+00
-1.174999739543814314e+00
-1.805546272027172550e-01
3.960461639827743685e-01
4.268141831016572518e-01
5.928072320450400445e-01
4.811897450753138128e-01
6.484952244617384620e-01
6.704153433180966015e-01
7.552199975281650435e-01
7.589897121818103276e-01
5.067682694000703592e-01
5.136897935294615358e-01
3.172348058767902601e-01
5.480147956212705340e-01
3.324945486988184484e-01
1.757657325899832090e-01
4.543447528662693524e-01
4.647377892220569962e-01
3.967911815153180033e-01
-5.099927423584187797e-02
-7.712021209704930658e-02
1.440370612991939692e-01
4.779576122071538258e-01
4.974449890627869464e-01
5.103035795166624977e-01
5.976353514364310948e-01
5.700936786927539579e-01
4.971996432458980486e-01
6.721639640049125175e-01
5.726446653081641580e-01
3.216930048419485155e-01
-7.138090437599050597e-01
-7.366646922288688781e-01
-4.630845881557789645e-01
-7.122060143307586966e-01
-7.533324216114194449e-01
-5.236253468789942023e-01
-5.614332703932152224e-01
-9.279799873819913891e-01
-6.586443581257874769e-01
-6.427117892331624116e-01
-4.738357179180849865e-01
-1.138383936424904874e+00
-1.061353317658212392e+00
-1.226480090347947138e+00
-1.373842532653414272e+00
-1.607810763291695810e+00
-1.703740713191200129e+00
-2.229265470323444021e+00
-2.502963878040249224e+00
-2.470960832325010514e+00
-2.923159268778421360e+00
-1.705572776778192079e+00
-1.194241571472688612e+00
-4.019198053903894063e-01
-9.954790977775026528e-01
-7.866820555899651790e-01
-8.853485158113718612e-01
-1.615131737188969074e+00
-9.463055379253976218e-01
-1.180894689454428992e+00
-1.302549105276357588e+00
-9.171937751802332617e-01
-7.205528385729117469e-01
-7.677563833833755957e-01
-9.092317281723258926e-01
-8.051194874310459992e-01
-9.984804986594539855e-01
-9.260882111168908803e-01
-1.071551915878000472e+00
-7.087345886351479329e-01
-4.849932006817276875e-01
-5.904412132431214877e-01
-5.969318582717048072e-01
-5.344222347121123651e-01
-7.313555847142163557e-01
-5.321611353931473554e-01
-1.777887217699885558e-01
-8.082907041104454848e-02
-1.578865112658071890e-01
-1.847475372294103690e-01
-3.124932305895777307e-01
-5.621158814958837624e-01
-4.000255902145467557e-01
-3.607906359230561022e-01
-7.851599969969513815e-01
-1.278439856911846917e+00
-9.579063997323931101e-01
-5.053117212722622043e-01
-3.824321610706311603e-01
-6.265392092859883855e-01
-2.968401886578488358e-01
-2.953719119429695783e-01
-3.828740874003659367e-01
-2.786113997975552259e-01
-1.503279532799985663e-01
-5.842611871951415292e-01
-1.118046442533468410e+00
-7.372149611012296377e-01
-2.375467744395496072e-01
-6.578288882958577277e-01
-7.227467254146668907e-01
-7.970054907620118811e-01
-1.308635091800157468e+00
-1.467193058567739072e+00
-1.171023414263499429e+00
-9.953317275714663737e-01
-7.247390255039736218e-01
-7.842024376331535596e-01
-5.438501855150452702e-01
-5.609789875359030287e-01
-4.153005849610961753e-01
-4.673029126475830575e-01
-4.449670204788703787e-01
-7.847619472134467200e-01
-7.920822916884897591e-01
-9.082170834527945047e-01
-3.570389063297648158e-01
-4.727906313313773867e-01
-3.743328085401411709e-01
-4.102961079443929182e-01
-8.385971386404411643e-01
-6.182541660423679364e-01
-3.855759692291595986e-01
-3.783868210271936205e-01
-8.648124320856824809e-01
-5.710959209872128461e-01
-4.721267301208925127e-01
-4.583758230443953363e-01
-7.961897142088418811e-01
-8.104199100391602517e-01
-4.265881309916122466e-01
-8.012868424901373743e-01
-7.547928612137789761e-01
-7.134699028410477206e-01
-1.542152571247238146e+00
-1.915324854998201820e+00
-2.118282970767751738e+00
-1.154287483443916074e+00
-6.803303139779610653e-01
-4.684161216402344396e-01
-1.456681110745967622e-01
-2.488274589669770553e-01
-7.381993859967322935e-01
-1.488556271890275395e+00
-1.997171472445280482e+00
-2.355712097475544109e+00
-2.014633965441845920e+00
-1.839981166730591866e+00
-1.926435145804280991e+00
-1.451154139546995570e+00
-1.452441260057399708e+00
-1.616109108145179052e+00
-1.355461619959516639e+00
-1.395107508109703298e+00
-1.501324780998034569e+00
-1.111703709593029998e+00
-9.068019117902502702e-01
-7.181765242855436826e-01
-1.200242424863662505e+00
-9.962100623284384504e-01
-1.215878411899117717e+00
-1.149255605784528456e+00
-8.665693505681177911e-01
-1.038177725525021966e+00
-1.255242844630266585e+00
-1.546835298663953306e+00
-1.801992164067506508e+00
-2.094580284668277059e+00
-1.724372631545534773e+00
-1.499833128781500990e+00
-1.336794183343173348e+00
-1.544242076277257736e+00
-1.206032470241886756e+00
-1.205294327755774164e+00
-1.116223347455908455e+00
-1.045310986280499677e+00
-1.168619787955280875e+00
-6.047942671718301577e-01
-1.139066628643452095e+00
-1.358636560902012347e+00
-1.372784363753362324e+00
-1.722745223999950337e+00
-1.199538379596744697e+00
-1.116083654472680431e+00
-1.439826840243097816e+00
-1.294479834747454206e+00
-1.441389963388419515e+00
-1.451965834021965218e+00
-1.790709886409720175e+00
-1.491805998945006095e+00
-1.284965354793022652e+00
-1.175489188272312191e+00
-1.706723833307894234e+00
-1.529316396529859512e+00
-1.341418376749504482e+00
-1.135188151297276793e+00
-1.369873895711629430e+00
-1.026620553639562505e+00
-1.695546689169075361e+00
-1.326805118524001070e+00
-8.590261393210220087e-01
-7.395754986838694034e-01
-4.627431869402037212e-01
-8.648846560926732874e-01
-6.648272289552966674e-01
-5.754350995224172260e-01
-7.926567049797843545e-01
-7.110838294611099286e-01
-5.423313686486397334e-01
-5.964318295125152769e-01
-2.844706094009689656e-01
-3.066383221662227210e-01
-3.079666315769435392e-01
-4.433095950400771090e-01
-3.929698887634892612e-01
-8.407778409644488526e-01
-4.995770556281530772e-01
-8.561049173912546051e-01
-1.927742637622985311e-01
-7.652421816824594991e-01
-6.589743269976386930e-01
-4.396036325003119805e-01
-3.093811087361856837e-01
-3.817155704273072492e-01
-5.332549239738474389e-01
-5.968585641247070583e-01
-7.917025059737463621e-01
-6.534833846314773709e-01
-3.962882187329583861e-01
-4.538212945716519342e-01
-3.331953238977398701e-01
-5.090863362102476808e-01
-3.738953057129405511e-01
-1.502146749829466332e-01
-2.090749072843648138e-01
-2.280080461534651770e-01
-1.710591605899171030e-01
-1.489382535356852111e-01
-3.248474743872063059e-02
-2.359832360653432437e-01
-1.001375005856673384e-01
-3.324191603003922441e-02
-9.660309483920657969e-02
-9.329060894302153573e-01
-8.255030067217991041e-01
-1.522812372057572139e+00
-8.084587634958719793e-01
-5.264210993614245604e-01
-9.930631171825938797e-01
-2.296325665366924229e-01
-3.302834810771436147e-01
-3.412045638178225898e-02
-2.161707860762568933e-01
-1.142118293279184155e-01
9.734395323386853260e-02
3.724692629509899350e-02
-2.823113002304464825e-01
1.819640487465815359e-01
-2.381211396153599114e-01
-5.173404206971839864e-02
1.223545166935596090e-01
2.916124795279872450e-01
1.904691204774817404e-01
-1.441814589839449656e-01
-9.482799351587568870e-02
-3.930448798276718336e-01
-4.069689123468722136e-01
-2.479232315469936110e-01
-8.714638103383899603e-02
-1.566092373124610207e-02
-2.159961483425188733e-01
-3.704407236173901663e-01
-4.312082102084010549e-01
-4.593195575765723349e-01
-2.174294069667933871e-01
-4.573161893161772906e-01
-4.315296962632835659e-02
1.337614401773015993e-01
-6.086050363949594422e-01
-5.755938834697612444e-02
-7.510204988143858174e-01
-7.327679906618186356e-01
-1.480431072761501932e-01
-1.476834880553040408e-01
-7.432434330783478649e-02
4.397514049727871410e-02
-1.050499913836120541e-01
-3.488693186061160856e-01
-2.829537523407573141e-01
6.829266397622099638e-02
9.189757291280002682e-02
1.068043777122928001e-01
-5.679612236906852463e-01
-6.398404302393586596e-01
-1.191456575513450078e+00
-1.385491997002359144e+00
-8.859049480622055439e-01
-1.184735003321111951e-01
-8.201808716333679194e-02
-7.439430708030242423e-01
-1.489719688576705225e+00
-2.241910181848221661e+00
-1.860484373854895068e+00
-1.547230198534948142e+00
-1.107303039741125872e+00
-1.518652565173104652e+00
-1.147230014595346903e+00
-1.533205601188389666e+00
-1.271470974044425661e+00
-1.089985240870050998e+00
-1.394182166531516831e+00
-1.225352191235844268e+00
-1.046038038453227070e+00
-9.081853658180789601e-01
-8.390816735129995596e-01
-3.199701719466094829e-01
1.420616917240604959e-01
2.239161100776402291e-01
2.414900464459521501e-01
3.760272563163327142e-01
4.719180614455495415e-01
6.611983155247291855e-01
1.203740083951382184e-01
-1.013630520866304202e-01
2.387611272406839347e-01
-6.792180692645735096e-01
-9.789766254435575688e-01
-1.622828519421993132e+00
-2.245557896250353735e+00
-1.155367109668879788e+00
-3.662819585969596115e-01
2.980128452045051057e-01
3.104023073483380135e-01
4.434965185064742577e-01
4.700810332776412248e-01
5.493884716181772765e-01
4.706290135108857076e-01
5.148608618792650526e-01
4.148822976225903236e-01
4.756436278070502732e-01
3.877657388064014166e-01
1.108265297836746183e-01
-5.034126864057604234e-01
-6.068351719462732330e-01
-1.183350694369246225e+00
-1.099770081427585033e+00
-7.382583204519754805e-01
-4.430876553369351711e-01
-3.697161960285279547e-01
-7.711719209580714107e-01
-6.423904065027903343e-01
-2.610585709962295886e-01
3.003995089822888986e-01
7.377627801494376358e-01
6.826504315213687279e-01
2.832762311542398881e-01
4.210395092337827494e-01
5.358002472967583751e-02
-9.139364167678894202e-02
-1.748877261563993452e-02
4.238619543134191647e-01
3.506801853841673422e-01
3.619405330420755185e-01
2.393101062987266492e-01
-3.543850914725333312e-01
4.593344254344045030e-01
6.529488110365042619e-01
8.712379272823819187e-01
9.705249241417150952e-01
9.956763985508336745e-01
8.885984932802237779e-01
1.016617593413962295e+00
8.680092952519530280e-01
1.183227761752272400e+00
1.060291207739582298e+00
1.110224242781939763e+00
1.172741104924394762e+00
1.111870582137383323e+00
1.122542714521037377e+00
1.149515213375836176e+00
1.173271517961882004e+00
1.350432116519557635e+00
1.396322184316362680e+00
1.243374236191527427e+00
1.349981318436196398e+00
1.304095576338312634e+00
1.050068818103733870e+00
1.383633132413889522e+00
1.329959950458281748e+00
1.244926855519566278e+00
1.230597001834354387e+00
1.170645818634340696e+00
1.141923283381157894e+00
1.150403921832854781e+00
1.334472632470743214e+00
1.264458365020862507e+00
1.414123611362214206e+00
1.381396878710975606e+00
9.760801346505540987e-01
3.495311381786243010e-01
-9.644707882859026027e-01
-1.788202497953489178e+00
-9.920794241906960576e-01
-1.602833618634658563e+00
-1.802991979553489610e-01
5.628485205646001077e-01
6.681623495305110128e-01
3.972333045261036144e-01
7.734149515859511936e-01
7.760550757495053853e-01
8.289764384021641730e-01
7.527789305037267953e-01
6.260878378463283767e-01
3.478281800742309415e-01
4.184304660398383557e-01
3.150162856415091306e-01
6.519221881708519017e-01
2.559661291277819384e-01
-3.943987450650234677e-02
4.352042808277077346e-01
4.149296940872763684e-01
7.471714885216885760e-01
6.757024514245781877e-01
6.298942241056302294e-01
6.087328217937013619e-01
8.103532157658737134e-01
8.791862298343402493e-01
1.041907533374933470e+00
1.032198510614021458e+00
6.062255014152857502e-01
8.315515434821555418e-01
1.209555151078967938e+00
1.148503040619589743e+00
8.925403963297493526e-01
7.879026660721667463e-01
7.811814733207722572e-01
9.963957765213807827e-01
8.396017921373285509e-01
1.056590493625762628e+00
1.080370239087758311e+00
1.101256481590834557e+00
1.079359383878099710e+00
1.096111309507507015e+00
1.180593912892603292e+00
9.947174688263636932e-01
6.531059639463151489e-01
1.053385528902813562e+00
-3.683539620658882741e-01
-7.419200438390692876e-01
-3.052423356791668652e-01
-7.844562438736581156e-02
-1.353760688085364067e-02
2.628515292043013818e-01
6.839411673686314197e-01
2.662501317605595608e-01
9.925664345180096326e-01
9.307560678144179978e-01
1.144623168245971767e+00
1.199991061729850816e+00
1.243670260091566337e+00
1.093499864327594828e+00
6.116659087246250071e-01
6.542173834015674316e-01
1.654092203994354110e-02
-6.144654302533740786e-01
-1.620394394980166242e+00
-1.258143288623689626e+00
-1.815923777155103724e-01
-9.876570425426109967e-01
-1.489115952940006427e+00
-4.685893838399545763e-01
-1.975157952147401363e-01
-8.146777028553997546e-01
-1.997234228577564163e+00
-1.446011068270962152e+00
-9.311799807015133101e-01
-1.942551968525856598e-01
2.139797502283327657e-01
2.688855998248800838e-01
2.897676537969149368e-01
1.028390961047387780e-01
-1.754382592378983807e-01
2.360082709798690670e-01
5.872451664625416567e-01
7.739126063363543917e-01
9.646063641132683886e-01
9.125762993341086649e-01
1.075850605057313558e+00
9.572909795824890988e-01
9.938563316007174020e-01
5.906858536420345196e-01
7.810757864358437441e-01
1.074518995632885165e-01
5.111500290374912936e-01
6.720742143257987244e-01
4.507633541473994865e-01
6.397276332312205049e-01
8.884667097211393916e-01
9.316018569634313407e-01
5.933636974015297216e-01
1.241612390556970480e+00
8.461094080670594764e-01
9.113758786171062276e-01
3.919065792274196158e-01
6.013179350443066395e-01
4.367024523636259814e-01
3.323857193626880702e-01
2.541636972272984241e-01
-7.803751574640390709e-01
-4.531437503129154831e-01
-5.318690624690696200e-01
-1.427315146749812191e+00
-5.666398091291676709e-01
-2.283069346759383500e-01
-6.733297616029855492e-02
-1.549568889699341367e+00
-5.257182806563251987e-01
-3.984732626815966072e-01
-1.616484127857409137e+00
-2.387616698353004219e-01
1.215030554248960337e-01
-5.996097847041211709e-02
5.412484987393436503e-02
-5.312052081980354057e-01
-5.102847285614704465e-01
3.680789426593157332e-01
-1.019879114498725842e-01
-4.613608106387848684e-01
-1.117904755307105980e+00
-7.483908307459097298e-01
-8.885959766330355780e-01
-9.595102472227669266e-02
-1.721175588395122746e+00
-6.548829459687320886e-01
-8.018807193541379608e-01
-9.989241863498439233e-01
2.134545898616128923e-01
9.370611117552075653e-01
1.013536075301287642e+00
1.088711365978193513e+00
9.085891896901172604e-01
6.819187306560692274e-01
1.486157059432914040e-01
-3.212229972283109913e-01
-2.560875472700424038e-01
3.974259058990705640e-01
9.699828365402398678e-01
8.865399326441121275e-01
-1.751557666957368198e-01
-2.256846308169807858e-01
4.755525476380964567e-01
7.684919167626509395e-01
8.761981849444577808e-01
8.791765090123470072e-01
9.136066006230341152e-01
1.088187474136767197e+00
7.275399412652020503e-01
1.149786973060689554e+00
7.993388051476512102e-01
8.464537634173275871e-01
7.675337528659121888e-01
9.366099406638059843e-01
-3.113514135607237110e-01
2.872545549226760975e-01
7.620260606192063024e-01
9.557968341209539531e-01
6.241188437789471077e-01
-8.925883268423630279e-02
-1.761097442157197879e+00
-1.105875334849514058e+00
-1.941815223619500486e-01
3.840873266591646185e-01
6.037640727939606045e-01
6.112263282935532782e-01
5.819835270707117703e-01
4.670229726497948652e-01
1.641442877306438508e-01
2.494047885367587647e-01
2.151528374985556824e-01
3.554482570724952217e-01
8.116418220154240082e-01
6.576995309484159336e-01
1.305919478724136551e-01
4.989166672137741454e-01
8.651531647207714171e-01
3.883456569790401658e-01
6.561695784391464725e-01
-1.638178666247527560e-01
-3.691450495833462075e-01
-7.850393054364754875e-01
-1.145235167832912015e+00
-1.643591177613635823e+00
-6.024497911723998289e-01
-9.147937067260025756e-01
-3.567000270278646301e-01
3.459229475002715826e-01
5.967714369794367979e-01
6.603211266940139934e-01
4.969271597318595246e-01
5.201086659446728655e-01
2.670346661126507537e-01
5.790097537500216163e-01
8.031829599573505618e-01
4.928706647852859613e-01
-3.977538508518521088e-01
-3.032154256050478836e-01
6.787809349840710771e-02
4.428714266798586957e-02
-1.062657039008329640e+00
-4.360176670152804967e-01
-2.917902541488665569e-01
-2.216387802812626873e-01
4.871103220206796647e-01
8.565537090445276558e-01
8.299514286229340287e-01
6.798940376927575802e-01
1.302532921965789126e-01
-1.890442147772475046e-01
4.169602284901440248e-01
6.172822120798500123e-01
-1.310679652587158017e+00
-1.891443562891649000e-01
1.463389208983532086e-01
-1.420445530081579644e-01
3.970351149362164045e-01
4.364923278807156803e-01
-8.077460155745734838e-01
-1.057267195164559581e+00
-1.986800878841726403e+00
-1.073451763303419515e+00
-5.294192214967771010e-02
-1.110051287937597470e-01
-3.445737626729698522e-01
7.689050294881574245e-03
3.592295096357772111e-01
5.187199626090497340e-01
2.680498234861475870e-01
4.570076247017039739e-01
-1.613388838043669504e-02
5.026466847697610429e-01
5.829161274062386600e-01
6.630134707922747950e-01
5.748578951127438774e-01
5.746709640653048234e-01
1.481200408022013415e-01
1.487803498845061689e-01
2.401888697815765805e-01
-5.060112369566320822e-01
-9.180313135127389501e-02
6.027716753735991306e-02
-1.900607340698099723e-01
2.755181774804367767e-01
-1.726254000230058872e-01
-2.121517133838589086e-01
1.810815441350173138e-01
6.744918746185577518e-01
7.401303474883406119e-01
7.455318342911136931e-01
6.719072016385869706e-01
9.494659438708866750e-01
5.873251646152461980e-01
1.540087170511858783e-01
6.372894097987401307e-02
1.084221138309397064e-01
-2.646745430390223808e-01
2.724628289522409985e-01
4.581421946413588020e-01
4.723440763220811967e-01
-1.124395439506640504e-01
-1.921867428436475622e-01
-7.415133857232778514e-01
-1.838450183033387919e+00
-1.533953689031475331e+00
-1.616991430003725583e+00
-1.062251623759073338e+00
