6.980103141480731299e-01
6.861968039968140420e-01
6.527034299816987239e-01
6.701241099506549670e-01
6.942416367417287848e-01
6.895437947474931661e-01
6.394118305005904723e-01
6.972630611157524250e-01
6.316910851783170688e-01
6.959745141221942433e-01
5.727528765817414547e-01
5.758487112428627430e-01
5.830305847726704460e-01
6.411228720075756726e-01
6.590907018458029842e-01
6.319267713813907505e-01
6.608506184631144365e-01
6.971080078879841047e-01
6.939057395649328441e-01
7.531419237330905236e-01
7.412974789231621120e-01
7.580097376654180152e-01
7.802184954796218541e-01
7.995258982188362396e-01
7.831857625965410463e-01
7.668268785380949470e-01
7.898929432739660861e-01
7.497114043948285289e-01
7.133705370307237281e-01
6.863172119010698680e-01
7.203514245407376393e-01
7.534437795012274286e-01
7.184208727545331463e-01
7.220771737822133662e-01
7.283119700639884009e-01
6.862157945476168308e-01
7.414006984815240120e-01
7.186995347536062617e-01
7.149169151469489947e-01
7.270461798931986408e-01
7.492729131469539894e-01
7.800326801441361813e-01
7.435505549890959465e-01
7.148954825628206500e-01
7.092813165222719984e-01
6.721040019518200737e-01
7.332133214103442320e-01
7.555241827161924828e-01
7.562673699024957674e-01
7.172405746778851565e-01
6.885413862153446640e-01
6.841825899186959603e-01
6.565693662453120361e-01
6.947411818472672973e-01
6.674878305417071278e-01
6.882823302858411818e-01
7.091536383726300130e-01
6.781905528123171045e-01
7.665450017537762673e-01
7.336040991798438160e-01
7.599523304123916301e-01
6.740179503567960140e-01
6.681640546403164738e-01
6.816335632715320170e-01
7.012533815309476282e-01
6.449833201326238274e-01
6.791773368692428647e-01
5.869289375342336967e-01
5.648782713900075692e-01
6.047996280434291272e-01
6.587876308716884566e-01
5.692836627077944023e-01
6.417270533401719934e-01
6.503526345801891040e-01
7.210039081464116872e-01
6.232983185773450785e-01
6.728283970977062545e-01
7.375902026344285378e-01
7.700229865303587218e-01
7.530831745218571349e-01
7.376837168050398574e-01
7.775136658673726942e-01
7.967443411608969850e-01
7.373056123269858819e-01
7.591227011224959131e-01
7.852927475389508416e-01
8.168417144055879486e-01
7.908718042046620766e-01
7.963120382484760729e-01
8.058498568800607220e-01
8.373760161624530518e-01
8.048859488424842112e-01
7.630459805537392892e-01
7.675752076998059170e-01
6.986162515375688997e-01
7.084640030186770687e-01
7.274635146191765767e-01
7.716056923042249327e-01
7.625726160369246109e-01
7.346528722046896664e-01
7.382803474028583057e-01
7.320197569263511284e-01
7.644478737415503211e-01
7.507275319747652720e-01
7.578939792350321003e-01
8.108111923838421387e-01
8.271119095696353174e-01
8.062527376120181000e-01
7.923870521747407025e-01
7.832838019345107483e-01
7.744305489978684509e-01
7.589036276316918350e-01
7.762247596751372658e-01
6.641170516694303583e-01
6.132014355678310213e-01
6.036424591273430451e-01
6.048930414663307165e-01
6.226284189378854528e-01
6.446333817579812386e-01
6.605764644989662315e-01
6.866624363750026827e-01
6.192270076447128346e-01
6.106928436788792158e-01
6.691858337017042579e-01
6.382422259849300783e-01
6.666466891928886085e-01
6.942927924601949297e-01
7.291059920323059718e-01
7.712817263073974416e-01
7.055451432760071473e-01
7.895128684303986955e-01
8.356635196905830565e-01
8.254334572190358266e-01
8.086154165901304758e-01
8.243986534914564679e-01
8.239956353364821240e-01
7.750257130431186248e-01
7.452556662287044276e-01
8.036998609704735230e-01
7.371244334870172832e-01
7.609363565541993335e-01
5.056242255499800997e-01
4.256501837317333559e-01
6.457611842098449628e-01
7.461455260554761271e-01
4.490631374893234717e-01
7.000915273259606941e-01
6.377774293386127002e-01
7.621198740048853448e-01
3.829888533092453695e-01
2.772043671157942146e-01
4.527413154561207298e-01
5.311472861667602130e-01
3.848419577258792579e-01
3.772923255388765940e-01
2.578058197582019373e-01
3.089244698695563507e-01
3.102310906818066538e-01
3.494303547709252111e-01
3.040772424879850666e-01
-8.740441186978920030e-03
2.892812262915542831e-01
5.573671775863953126e-01
6.380228761515489566e-01
6.213913704368188018e-01
6.499505829899201448e-01
7.328253357659433309e-01
6.964737202235502522e-01
7.378140508323238755e-01
7.411849755327066802e-01
7.654084315529066096e-01
7.850484012528744504e-01
6.685491933579519319e-01
7.798860966595484445e-01
7.863699506901935532e-01
8.001777851488613980e-01
8.002322191287194464e-01
8.218555468828114829e-01
7.521794625743398743e-01
7.923041694847434702e-01
7.239495605900525543e-01
7.945640001919822559e-01
7.803347632264996392e-01
6.793779758667137791e-01
7.235695793312475477e-01
7.529739344324235528e-01
7.858581545730494167e-01
6.812359164308696702e-01
7.210382876214982417e-01
7.186358313315899249e-01
7.365434500194829592e-01
7.703456409838338459e-01
7.642476287129658097e-01
7.029460260018765005e-01
7.286978014860912012e-01
6.594314002155563514e-01
6.567248900051576577e-01
6.685929015770204487e-01
4.665380203242682766e-01
6.292793711768758236e-01
6.049813203553719987e-01
6.330822544749232783e-01
6.734317740737945091e-01
6.256398751482867837e-01
5.336117642621126533e-01
6.839538576031840567e-01
5.992069750857065280e-01
6.060976261091772788e-01
5.345918659719756105e-01
4.255721158527506764e-01
1.936908582803306134e-01
3.949099883176615533e-01
5.791138097255723594e-01
6.638258423845175837e-01
6.041815126674745517e-01
6.757285545432700768e-01
6.946672869211834023e-01
6.803618592467683968e-01
6.924869264196507057e-01
6.901383062173740424e-01
7.336026797176118386e-01
7.479159494532341412e-01
6.257641219308061054e-01
3.665283686003282249e-01
4.641923122183151396e-01
6.539560406642175305e-01
6.608857924425250996e-01
7.672896578313392890e-01
7.470272669694009160e-01
6.477222159876783181e-01
6.299012957910434807e-01
5.493897373285827612e-01
3.805852324576235457e-01
3.403993650260532799e-01
4.518398450686922363e-01
5.533449729881886325e-01
6.037745026218526156e-01
5.889126693204964624e-01
5.905242536518935381e-01
6.382664971463174464e-01
6.938951788029064094e-01
7.320545678437937465e-01
5.312828233431069469e-01
3.450505490911750517e-01
3.075160645790409042e-01
4.356336523270091243e-01
4.992815843853574131e-01
5.896137862242600836e-01
5.558459218405077396e-01
6.168563389601384728e-01
6.645128554563806134e-01
7.084815991784534361e-01
6.432352672861800791e-01
6.769760441297161258e-01
5.271859794148434641e-01
5.984186277012855104e-01
7.149918173234883767e-01
6.871029007163662605e-01
5.452264781383356906e-01
6.414178709759301711e-01
6.593866567712463045e-01
6.815675672569554422e-01
7.501698607190647738e-01
6.773514415187580351e-01
6.508373189297926853e-01
7.541477038314512438e-01
7.860448232412360348e-01
7.206640076405372852e-01
6.848106243235547730e-01
5.777966650665440351e-01
6.867955691111127248e-01
5.816517326825689782e-01
6.483063429609743356e-01
6.047749400329454073e-01
6.271280052931700322e-01
5.594627656873948363e-01
6.533472910062125827e-01
5.418866960471853123e-01
5.589923558390467173e-01
5.060033833318545726e-01
5.636702478667624527e-01
5.286287295995677482e-01
5.486333267341360065e-01
5.146537811654072758e-01
5.781866486694393625e-01
4.895006411632889520e-01
6.056179772643153214e-01
6.468796858383503157e-01
6.441424962467177107e-01
4.261295386702523835e-01
5.864262341280166435e-01
5.410150326489401307e-01
6.802695316300202411e-01
7.087812618360078698e-01
6.321823203643421873e-01
6.672049297356115183e-01
6.534702689311782109e-01
7.236197664554253617e-01
7.330101375757414051e-01
7.441172245829168475e-01
7.190881710918997083e-01
7.364788554206831428e-01
6.637408110987177423e-01
5.472915691740971589e-01
4.365167292686304990e-01
3.102573117832225780e-01
4.596497652279697421e-01
3.310920218170125828e-01
6.707408785581103761e-01
3.373156120240585754e-01
3.974370983866197804e-01
6.322137974374337777e-01
5.898488457204387192e-01
6.301731731933948311e-01
6.914393880617493160e-01
6.631645041374818472e-01
7.317295495039466413e-01
7.506980036203496631e-01
7.197758619583520812e-01
6.816090016387741368e-01
7.189818840119197585e-01
7.242935180738605538e-01
7.483705700004488204e-01
7.946958539360606810e-01
8.636559764167106579e-01
6.582718990802938208e-01
3.518461302450909267e-01
6.138839938218785264e-01
6.537601465386626565e-01
2.545373037087843571e-01
6.036166631938260085e-01
7.038052177425624389e-01
7.251441634485389365e-01
6.823335606102207684e-01
5.842366080386967031e-01
6.089898870953569521e-01
6.595934522614057549e-01
7.034329269807877427e-01
7.000341182690397179e-01
7.097850773534630786e-01
6.520857950469769460e-01
5.988430419858468134e-01
7.371468405743062391e-01
7.422437314827772248e-01
6.974803370840059191e-01
7.249805408976741639e-01
7.476133823918655885e-01
7.384243989215872883e-01
6.813163887753364012e-01
6.808780998709553778e-01
6.985255069082116908e-01
6.617479583979859470e-01
6.784253525514394312e-01
7.490978761465116875e-01
6.030909941336433100e-01
5.469182106582252123e-01
6.262316127797999954e-01
5.409904354502880208e-01
5.966020055426106694e-01
7.582833528889034724e-01
7.786900964948089143e-01
5.782513579317396513e-01
6.719649014387241159e-01
7.273259507947220648e-01
6.755388763946057473e-01
7.582110392287852996e-01
7.254044160320451962e-01
6.963154635547759153e-01
6.359740908252580205e-01
7.552056204271357931e-01
8.943847799794533149e-01
6.755389239767839449e-01
7.268029275342646756e-01
7.494989236494671303e-01
7.636642018318122727e-01
7.997002445134109294e-01
7.339962318367514449e-01
7.856165230524072562e-01
7.569349503387350353e-01
6.580158305966168353e-01
6.274639492687303921e-01
6.827840436249219547e-01
7.151526067419629040e-01
7.395870211961965701e-01
7.309556708128222002e-01
6.506380226837933378e-01
7.001530387670549249e-01
7.895098164080578407e-01
7.088336023585597445e-01
7.362816228425883569e-01
7.331318736478347198e-01
7.126668564928171357e-01
7.219443624230903467e-01
6.997663339445183706e-01
7.259341051537895328e-01
6.129276618195413917e-01
6.856448605872309532e-01
7.362314778432152984e-01
7.566647019754813019e-01
7.294256194880990307e-01
6.369313687588740169e-01
5.495191216157095937e-01
5.930270455319919254e-01
6.700929475106383038e-01
7.449123573500595619e-01
5.948573937929775290e-01
6.520446902311014536e-01
6.484308137248486759e-01
5.941288832956912458e-01
4.123144451052560555e-01
3.863647916171100150e-01
5.610318512178182893e-01
6.187678436579324703e-01
6.919120477656259816e-01
6.560264931446324610e-01
5.271426698013923495e-01
5.478974592689083156e-01
6.289471947381399808e-01
6.486316144376174098e-01
4.132644496039705739e-01
5.738921640301215543e-01
6.824221178670897281e-01
6.408741884346171869e-01
4.901537251142666918e-01
4.594776943863593255e-01
5.064390495104992285e-01
4.899634441051433642e-01
5.590255697485002617e-01
4.585410774668202682e-01
3.211623258925437874e-01
3.059983638788419391e-01
3.104331657298960989e-01
3.429686618491943895e-01
5.359061992936063890e-01
5.748375766158457800e-01
5.989628652663032682e-01
5.455669879214464224e-01
5.600485339481600100e-01
4.455236659636290231e-01
5.389219189821754519e-01
6.256190078784575892e-01
5.165010273415658881e-01
5.308209019414110719e-01
5.901314993690702781e-01
6.334882741687049013e-01
6.786826744286993396e-01
6.473571327394038732e-01
5.455493059429896707e-01
5.819680615487896613e-01
6.376488404560576306e-01
6.899250207209737251e-01
6.421569391165740104e-01
6.588155675367357578e-01
6.711642696055344359e-01
6.848613508948173667e-01
6.880965066433517574e-01
6.754166517223783028e-01
7.245352119893415654e-01
7.264220262390095328e-01
6.684131644488777724e-01
5.185901630604794477e-01
3.942904834147789028e-01
4.552368903920209764e-01
4.517213369527195432e-01
4.264393449820398363e-01
4.658766199605057778e-01
5.999924717504767635e-01
5.195219701969375770e-01
5.436830594297825670e-01
5.455838792484797306e-01
5.835960715595955861e-01
3.006238331433077615e-01
4.862469712564312374e-01
5.451252034541093083e-01
6.136929758551747938e-01
5.902039460505592583e-01
4.572102625352768568e-01
3.762519633074079550e-01
4.522077791158953808e-01
3.371988762884610136e-01
2.718708943283050239e-01
4.240372009774587836e-01
2.203373892575563042e-01
1.759870118692442587e-01
4.394343343065011398e-01
6.760450338321224439e-01
6.608904450697916655e-01
6.323720734134756771e-01
6.028973157914268022e-01
6.694143436743820175e-01
6.392557902544262483e-01
6.313899461258667412e-01
7.029661723637226078e-01
7.481058718115534134e-01
7.331143024141417719e-01
7.315931758771663240e-01
7.197286985690982686e-01
7.441788713505250730e-01
7.112251293815052833e-01
6.965045304703716411e-01
6.713135486063752655e-01
6.309987046446119408e-01
4.329197394717756442e-01
4.600237547832402019e-01
5.355770382829166953e-01
5.924339093206905105e-01
6.227390241056525166e-01
4.193850701793260249e-01
4.790383396238812042e-01
6.830195966889933690e-01
5.679161266260253083e-01
6.889470644281971978e-01
7.386061574062117163e-01
5.689953633061060057e-01
7.245230805984892442e-01
7.415982074503819632e-01
7.746220913669314978e-01
7.966115351850544535e-01
7.510251869085964316e-01
7.620531664413394690e-01
7.250953963963810978e-01
7.449346809041279549e-01
6.962712841467941782e-01
6.339185434456651169e-01
4.018194476725838182e-01
5.033305935166778600e-01
6.593549319664329111e-01
7.393444956205135199e-01
4.980158592896211101e-01
5.054896276045025560e-01
5.860819819585907364e-01
6.655152067933054472e-01
6.966602998883537623e-01
6.983560383161235841e-01
4.765500789783100322e-01
2.931497049210598504e-01
6.111877546879278533e-01
4.275077020164875785e-01
5.228833270341393114e-01
3.954697975518761677e-01
2.153913964332120345e-01
4.969972951014263174e-01
5.840176722645893381e-01
5.013134308389275429e-01
6.420853822572609726e-01
7.239808276273147492e-01
7.180078829304998855e-01
6.619769288622827652e-01
7.267040774578601425e-01
7.106113501394204501e-01
5.136199980815320254e-01
6.201748136786859877e-01
6.540147794261754743e-01
6.502221561370997716e-01
5.618796258187819248e-01
3.541240564028365068e-01
1.656619864628622318e-01
3.229299746269316262e-01
3.678821454264107338e-01
5.123058171466801092e-01
5.928482313243730317e-01
5.764739665865792340e-01
3.464853035093429234e-01
4.401964836361620392e-01
6.074012737605185563e-01
6.370753612547892519e-01
6.710700815665995300e-01
7.287708311905851666e-01
6.381122386278774705e-01
5.182964098585385315e-01
4.656683336958609143e-01
6.909386293455814787e-01
7.474445158707174741e-01
6.930162932072101434e-01
7.070008004837422533e-01
7.114812301938080452e-01
7.338014624196036451e-01
6.470593410275473634e-01
6.635702457854979475e-01
6.028598235737117061e-01
6.039811691282510608e-01
3.909140286938115327e-01
2.877369419349332658e-01
6.256084160113423165e-02
2.655042573050738763e-01
4.636001585179945206e-01
4.585665323057539489e-01
2.975015352203935759e-01
2.374856712017785476e-01
4.919429070514008684e-01
3.376524741890722936e-01
1.425666033341901340e-01
3.195138526941185830e-01
2.199136989365462203e-01
2.817111892508223914e-01
6.198706323930411877e-01
5.359987445322993427e-01
5.224895391720119076e-01
5.820752951156693555e-01
4.857050705380157041e-01
6.627703614418165579e-01
6.456192645337988090e-01
6.615987972679282514e-01
7.612601142071893090e-01
7.292451935089396819e-01
6.394111335388097395e-01
5.531469340648225153e-01
4.618171845289009703e-01
5.461072366520343113e-01
6.323032693504475610e-01
6.483953340639239116e-01
6.189372325652213735e-01
5.704728779868385447e-01
4.244070456176456396e-01
2.977996289818027886e-01
4.795170418438077231e-01
4.849514997127329918e-01
4.959621750160593256e-01
5.450183971983709741e-01
4.801967968602678383e-01
2.796269465595753179e-01
1.452101758252288821e-01
4.329605153813507190e-01
5.056571237260995000e-01
5.579586367266828884e-01
3.864639107445411170e-01
4.722981518402622481e-01
3.499471772731302943e-01
3.393871135806721950e-01
3.196742759346269391e-01
4.758175313958837860e-01
4.410693821760039990e-01
3.216227243298659388e-01
3.504198176143565879e-01
2.729794787339846485e-01
4.900106039100957656e-01
5.960002828155697152e-01
6.719994720069286664e-01
6.510095612206521221e-01
6.668230536326891222e-01
6.416635065836160390e-01
6.853772462904768048e-01
6.255521006942132978e-01
6.491723948209924266e-01
5.287641237818907491e-01
2.450063703032187012e-01
3.868230256954476864e-01
5.506708034784574268e-01
4.973560978052113946e-01
5.586387795578532378e-01
5.264465969710030446e-01
6.561383062205894401e-01
5.005665150532361274e-01
5.677207237353891767e-01
4.657105079539900494e-01
3.549414979717189222e-01
2.342092980474226316e-01
2.371755598115101726e-01
3.243978596092428335e-01
4.999776866605829539e-01
5.632724033778158113e-01
6.175122890372906070e-01
6.302913537538454847e-01
6.078217708188320412e-01
6.559164840036151300e-01
5.796383136092173594e-01
6.328284611129375570e-01
6.162894872493471787e-01
6.991083781322853241e-01
6.347472150760329335e-01
7.260540680175855410e-01
6.032391617786427851e-01
6.914465283351254321e-01
6.874460407970213183e-01
6.105161592664949399e-01
6.605861451095296211e-01
6.700419883889636719e-01
6.925913498786961942e-01
5.631343880038094385e-01
6.110082735590582903e-01
6.638770446028987582e-01
6.767003919280609736e-01
6.964788512807049692e-01
6.901590562025488040e-01
6.578783807091503899e-01
5.743950888903297525e-01
5.448395348975165753e-01
5.379321128673291152e-01
5.823079543416664894e-01
6.003492583943033090e-01
6.748963051647585143e-01
7.076923190254456042e-01
6.188690617145005124e-01
6.177295441529442321e-01
3.788279061420108951e-01
6.164547055015576760e-01
5.783241038197626249e-01
6.962413013829780173e-01
6.722049230787463525e-01
6.656342529188541413e-01
5.780789863391269101e-01
5.417328789401938405e-01
5.209195685003958909e-01
5.879802646595109206e-01
5.898347799612748688e-01
5.998383213948599302e-01
6.423344822764860407e-01
6.862565143174490512e-01
7.017519971066576989e-01
6.574838260236948173e-01
6.742258789722361811e-01
6.464020709602047443e-01
6.638015952870892633e-01
6.182557244127442342e-01
6.502410633738258117e-01
6.502764740833137935e-01
6.688858193668807406e-01
6.327401738561919675e-01
5.801447597833415681e-01
6.440449680899593687e-01
6.785207150888108441e-01
6.471897337812291262e-01
6.477148455705350472e-01
6.084375567384463501e-01
6.644642450120687993e-01
5.969664668985694700e-01
6.397142402932136651e-01
6.744546189097726518e-01
6.495192492523456096e-01
5.311915145050121190e-01
5.452990386665810263e-01
5.891567384511819938e-01
6.147309079101099805e-01
6.164119765547093621e-01
6.440039891193469757e-01
5.936431848331100714e-01
5.926846233351938942e-01
5.991186790681379826e-01
5.241126674403889796e-01
5.146321938879412361e-01
5.629377010203364673e-01
4.517188911615805935e-01
6.056183807508972450e-01
7.022021996183913650e-01
7.184542387566883459e-01
6.195863024957437570e-01
5.100330832709814022e-01
3.725609977288037999e-01
5.397741917219502916e-01
5.886852415774417313e-01
5.861838915951056439e-01
5.881878824359565439e-01
6.483673434132106728e-01
5.763657484791047114e-01
4.144896404854678806e-01
3.622549197052493675e-01
5.604538900940599921e-01
6.457840318753134135e-01
6.200962712468287563e-01
6.922933842836982432e-01
6.569996032760048177e-01
5.925172182754410155e-01
6.021555163284908474e-01
6.210565714475624333e-01
6.496416230214030474e-01
6.356588599059533884e-01
5.695191845897197291e-01
4.645490221026139510e-01
5.826722009216815934e-01
5.641730567786601425e-01
6.211943377512956221e-01
6.122809966094591161e-01
5.420355248729822328e-01
6.041925834527797079e-01
5.975751796343775624e-01
3.678639862669617067e-01
2.795734892711084774e-01
4.099995525642703420e-01
6.335044799990356967e-01
6.516563471066636470e-01
5.728569848139501985e-01
6.550622829579202389e-01
6.791814125999677820e-01
6.918935815674027712e-01
6.520875483723245214e-01
5.745514714415234092e-01
5.334036681575968775e-01
5.776993137270181045e-01
5.136882578588746195e-01
2.780302518661887934e-01
3.554312164807391650e-01
4.506724751605982737e-01
4.248248061568485889e-01
3.733202790624237100e-01
1.859769817053478214e-01
3.413680293469573135e-01
2.693672412220782242e-01
1.996263335554103735e-01
4.540746097841311668e-01
5.472794444666012614e-01
6.885909143973820701e-01
6.662558998360048612e-01
6.832888652694810716e-01
6.745118102370832869e-01
6.555567071992534078e-01
5.153034127311606483e-01
5.204746036131715492e-01
6.115895842174170483e-01
6.097843273369727424e-01
5.018727604041587353e-01
3.264154380453201387e-01
4.297885229428978215e-01
6.269339858540539101e-01
6.360613593508395169e-01
7.160343422534238833e-01
6.991299941713537969e-01
6.574047226424668544e-01
6.956694285604823058e-01
7.240848389952008191e-01
7.344813090279904699e-01
7.416755098506684352e-01
6.863018561326366118e-01
7.125608399956573358e-01
7.360031055405487077e-01
7.484624401305783881e-01
6.627453686795079513e-01
6.721008819197960005e-01
6.999540463451008332e-01
7.002329343630151470e-01
6.995125475891086353e-01
6.828181023573494102e-01
6.515073044451726858e-01
7.147228888423466930e-01
7.134701267351790666e-01
6.749965341163233212e-01
7.304659894353258132e-01
6.414033411358397441e-01
6.806036491899476459e-01
6.536241545860699276e-01
6.353507024850342244e-01
6.758227109877845695e-01
7.327148781059686922e-01
7.393682652285487045e-01
6.508181959666727856e-01
6.001037211777831004e-01
5.992705277138372644e-01
5.109565123198311909e-01
3.341852245542469291e-01
1.637302284437754940e-01
4.332397251910173885e-01
4.481410091129778284e-01
1.776926281918033146e-01
7.131462453282422231e-02
4.669589013891611851e-01
6.447351810196415567e-01
5.851482669674374915e-01
5.980167575426000859e-01
6.763761666464114253e-01
6.635685632205645668e-01
6.661019749084062802e-01
5.155083548100860558e-01
5.314996887991894070e-01
5.770770212526696863e-01
6.237267875775480697e-01
5.874029270947893622e-01
5.951526176457930806e-01
5.086891956751644628e-01
6.205223329939730803e-01
6.344447375641182330e-01
5.397584818223003511e-01
3.495996275434527512e-01
5.132882626250698799e-01
6.650325936715548725e-01
6.225829548912282796e-01
6.532545599536434544e-01
6.706382217902615572e-01
7.272658231947430885e-01
6.211731584285198338e-01
4.732300233506666620e-01
5.280491659932708970e-01
6.285683367020113987e-01
5.061269989824617177e-01
5.987849497184385417e-01
6.659972152511586252e-01
6.258888893856360269e-01
6.828462555928465072e-01
6.533768060249429688e-01
6.630269394242218617e-01
6.680835652691670123e-01
6.907980518798730873e-01
6.568298791485982502e-01
6.284945246276305575e-01
6.840570404650549996e-01
6.023487764288495416e-01
6.441976806949401002e-01
6.254352652207253449e-01
6.466906025449306039e-01
6.562565553785422168e-01
4.600553561350728682e-01
2.881851662871801611e-01
2.561305260717517962e-01
5.026411536055911400e-01
4.168065556821451967e-01
5.791387227953641581e-01
5.859978660237823433e-01
6.820950231312157275e-01
6.252685598406164669e-01
6.673563354821423488e-01
6.129091916699827003e-01
6.390979170755153316e-01
6.219364518807830589e-01
6.483829754305128201e-01
5.190197768805292489e-01
5.706593593888018567e-01
5.634990199212247530e-01
4.824308259644314312e-01
2.569301404137451783e-01
4.568828571981471409e-01
5.914908670399294799e-01
5.083179536529613962e-01
5.421670649032448441e-01
3.589397754966593412e-01
2.679957270783377421e-01
3.960512747030713321e-01
5.674436640606568272e-01
5.496519875172394265e-01
6.136615148640831574e-01
5.044139113237432470e-01
5.080295636725313813e-01
5.605870718134193798e-01
5.974750436304219203e-01
6.468070685640683326e-01
6.389937610717271177e-01
4.524959456509193290e-01
5.650609361487939353e-01
6.478454339882286916e-01
6.157448381960382022e-01
6.520072819004139042e-01
5.753555833536481146e-01
5.134701890225892296e-01
4.575789316848821731e-01
4.290554215008691719e-01
4.706398412132144493e-01
4.937492313177458403e-01
5.791515497622923281e-01
5.379597177410249120e-01
5.813566650320849405e-01
6.115051763203402935e-01
6.699129089378670354e-01
7.284649379257865931e-01
6.938555251528881751e-01
7.422077454436359911e-01
6.952180312758049485e-01
7.385201194206891806e-01
7.036292156550421062e-01
6.131387482216081874e-01
5.989706803867889118e-01
5.911882844235305523e-01
5.087116424809767778e-01
6.124325379796409230e-01
5.904923891441113959e-01
6.120946129297997196e-01
6.857345903791909336e-01
6.715005413835912762e-01
4.936325431160768495e-01
3.265548933314925684e-01
6.188892022748302413e-01
4.899509403538002683e-01
4.103894570268677988e-01
5.383872683370600765e-01
4.519753326231514823e-01
4.798738765781040971e-01
5.850867938629407128e-01
5.961584261654633288e-01
5.435541682384364970e-01
4.589248520062678693e-01
3.901304512672006952e-01
4.603917038336837741e-01
2.825716343093120919e-01
1.595275360801615694e-01
3.266559327795041101e-01
5.923135624314201930e-01
6.545560044442622072e-01
6.091566990556889216e-01
6.429474410721127686e-01
6.569301809362266820e-01
7.020837377218638320e-01
6.711906866890122725e-01
6.306589694176669703e-01
4.001233249987667939e-01
5.978233435879163338e-01
6.352694945336205823e-01
6.364227439999441405e-01
5.947417497125306873e-01
4.755356529718841596e-01
5.530930876953858988e-01
5.644103886881777221e-01
6.371993618830571471e-01
6.749773631368936044e-01
6.273290715863331091e-01
6.825601043952875813e-01
6.738354963538963904e-01
6.828734991085207984e-01
6.019577381949039463e-01
4.500988211405334560e-01
4.956827819199911556e-01
4.584388925138064286e-01
6.171244078798407973e-01
6.274785866912129251e-01
6.806786421037034351e-01
6.250368284553924347e-01
6.816070787164367761e-01
7.491368823229551666e-01
7.497978756230962993e-01
7.288454725842954396e-01
7.076190987804482635e-01
7.854977560373090917e-01
5.690630784276161647e-01
7.024317823291621465e-01
7.104417521027948101e-01
7.298790985732324099e-01
7.060723972106437429e-01
6.303702584595620717e-01
7.000093666620446076e-01
6.549979598257260616e-01
6.268204087271342928e-01
5.735424850052470713e-01
6.436615166787651443e-01
3.223596314313894595e-01
4.189900663066329356e-01
6.286044180616754407e-01
6.026698497047662251e-01
6.552457695603215448e-01
6.769246574876788269e-01
7.378385876078938921e-01
5.163204178711463532e-01
2.175549972465855575e-01
4.487401649074319598e-01
4.166603793192292793e-01
3.658888024608255574e-01
5.453204377367397715e-01
6.490457665166102785e-01
6.961081634829977549e-01
7.160084275328757464e-01
6.790884373684853426e-01
5.982442925155275759e-01
6.215902935298212029e-01
6.799001489118501329e-01
6.742931510745373558e-01
6.789390749380914691e-01
7.077560994878173695e-01
7.329349387448185205e-01
6.972013829107153171e-01
5.939399851719311396e-01
6.847779317779358887e-01
5.416912641200744005e-01
6.294215902291742104e-01
6.650922839720523339e-01
6.622779289987543727e-01
5.245728804725451333e-01
6.787494041828605607e-01
6.910643832192424618e-01
6.565533690676887968e-01
5.832570628014310810e-01
4.800738329876209631e-01
6.697681283209726555e-01
7.718088716613518141e-01
6.640763664605395800e-01
5.555719069781881458e-01
6.651756012149350195e-01
7.159459178094387255e-01
7.341368992749539579e-01
7.156696095467325325e-01
6.071810941557431729e-01
6.090762764771064930e-01
6.490817871232352765e-01
6.770423209729503622e-01
3.736011609923436394e-01
6.122270567575385236e-01
5.943002317045706917e-01
6.687150651355389108e-01
6.364061326740890756e-01
5.697707184516092038e-01
3.701904520695523670e-01
6.300371013458225811e-01
7.127217522962419061e-01
7.286568315060777401e-01
7.110516672162310314e-01
7.269804643297228530e-01
7.849279260318766660e-01
6.628835015815175424e-01
6.654812579700268849e-01
6.274890513939499481e-01
6.794170167040318731e-01
6.125795171108390225e-01
7.804974190277815804e-01
7.596417753355888536e-01
5.780151088740372867e-01
6.444866166961085163e-01
6.707155604684491568e-01
6.474334604342661947e-01
6.765896474568353636e-01
6.026743596742369924e-01
7.315686259716507323e-01
7.816800523852611704e-01
6.612653660935323696e-01
5.476299093989747124e-01
5.537881011293793732e-01
4.705135546968827187e-01
5.328689891176544569e-01
5.597795118486874610e-01
6.027765871253309982e-01
6.352905992534596535e-01
6.561451943942731013e-01
6.350453170418919324e-01
6.875134277854537679e-01
5.529759960471116731e-01
6.821410801891940601e-01
6.319202964685561863e-01
6.103201428582574195e-01
6.734987070574791623e-01
6.318788115870950239e-01
7.132585424415467390e-01
6.438923352729641891e-01
7.077185591841297363e-01
5.784337709336164757e-01
5.361696350488756035e-01
6.297745700390782186e-01
6.366552826672153831e-01
6.337230552601833544e-01
5.787986435013183772e-01
4.902620962078640954e-01
5.684710447882750373e-01
6.536464954545140316e-01
6.819458038434791369e-01
7.351125774067717167e-01
7.080971671907057008e-01
6.541439689989614337e-01
6.931625994776917654e-01
7.274670360257504687e-01
7.596222635134428636e-01
7.832349052430003233e-01
7.477685287064608222e-01
5.642599860277717205e-01
6.455451192141026251e-01
5.983002190952040333e-01
6.135048884328402341e-01
6.787624365644444602e-01
6.818865514910210646e-01
6.057495902362877160e-01
4.593974687418805880e-01
3.628428517097503914e-01
4.814024909269187802e-01
6.209732405790711063e-01
5.892690211653957011e-01
6.294167297999113675e-01
6.657680850986491539e-01
5.535087640639395623e-01
5.464621671440191841e-01
5.848204444335178831e-01
6.258537554223817523e-01
6.897580235972848861e-01
6.737171158419035244e-01
6.518727849992616008e-01
7.451133691343201360e-01
7.738693334661548295e-01
7.451637212326804871e-01
7.828941667674242932e-01
6.318720737470067128e-01
5.942033683608392014e-01
5.906113826478065487e-01
6.849493146353322626e-01
5.735584142316849654e-01
6.616621978326744369e-01
7.359923676537911685e-01
7.684267450820165823e-01
7.935821503475133376e-01
7.747723932642238687e-01
8.155010545221197393e-01
7.175696137934892693e-01
7.970242775613605168e-01
7.905387193075328334e-01
7.624359671717557685e-01
7.596486102029782472e-01
7.360903394861801896e-01
7.043813991529033203e-01
7.067457343121801294e-01
7.286311476573925638e-01
6.554671713007698131e-01
6.211774349137373363e-01
6.763337470541905816e-01
6.114996909488084054e-01
5.604346412597988047e-01
5.680337311956945578e-01
6.213714872180580162e-01
5.215410557839530448e-01
5.892941305876380209e-01
6.337046427252677194e-01
6.684799385367474756e-01
6.668566201436174623e-01
5.889538209818507841e-01
6.322999068223604802e-01
6.553930685144861989e-01
6.058317624206364105e-01
4.608442631428478764e-01
4.565310367987548412e-01
5.195657447221636582e-01
5.602158668801168195e-01
5.868909495139917887e-01
6.034435389229728663e-01
5.862804666795828901e-01
5.269767940394254335e-01
5.081817817308574847e-01
5.645795611778088308e-01
5.962224763450936216e-01
6.199358261472838194e-01
6.793242351164070492e-01
6.154746303475173708e-01
6.285824201899772312e-01
6.468880531400882372e-01
5.643254067163342436e-01
5.931162125828717269e-01
5.728451645946356363e-01
6.971460253183305866e-01
7.257388609441142169e-01
7.065879942489734500e-01
7.032293457133194092e-01
7.096284837671478218e-01
6.722339623826303345e-01
7.093451642575081539e-01
7.097519627847070911e-01
7.153253970189006328e-01
7.423344093383321685e-01
7.236363580161950804e-01
7.040337337266717732e-01
7.253636924906323724e-01
7.101938795735489585e-01
6.219093966014075381e-01
6.199747156976600504e-01
6.336198272507880258e-01
5.991024654658196891e-01
6.355051093858481437e-01
6.169193566324462363e-01
4.430263164377554741e-01
3.113920755890661196e-01
3.177079930851953726e-01
2.585921969664481956e-01
2.646950478572280829e-01
1.901258937416396844e-01
3.532718410867434766e-01
5.527257145114267134e-01
6.699015215323671502e-01
6.658862185664087274e-01
6.993113823258452211e-01
6.790831177323448653e-01
7.096161997197283355e-01
7.188959443189308907e-01
7.345001496015777231e-01
7.396975241762062669e-01
6.766258264641353826e-01
6.892721133036514569e-01
6.439308140164112793e-01
6.940690313977173620e-01
6.525587879860381690e-01
6.152618690531403978e-01
6.739350482249366614e-01
6.809083083447569074e-01
6.654172340124282492e-01
5.657312919923360717e-01
5.720117273130318480e-01
6.158673147402558001e-01
6.856867043018404217e-01
6.843876586039321364e-01
6.884543989241405093e-01
7.052544024642248832e-01
6.978874469529503521e-01
6.846978359812077031e-01
7.231686653185624980e-01
6.960978930265524500e-01
6.444502276656345341e-01
3.833146679483580010e-01
3.786346279206189713e-01
4.557071520079468696e-01
3.841911158267665716e-01
3.821644151821133040e-01
4.302216761332895434e-01
4.366843588775199958e-01
3.462693742183310386e-01
4.203762161938943143e-01
4.183124012761318955e-01
4.657546937084297012e-01
3.120469521784576816e-01
3.538393790656436666e-01
3.189771036079132038e-01
2.856442623246726598e-01
2.321519067678170511e-01
2.161352927061223062e-01
1.070331635410433080e-01
5.783545612847756923e-02
7.317948826417969288e-02
-1.376997944751240377e-02
2.242602098991410831e-01
3.073945063116534371e-01
4.689470818049490397e-01
3.422769977720997447e-01
3.791467136652758585e-01
3.930121547569109808e-01
2.221261389847735135e-01
3.594596792579815014e-01
3.246238854476013458e-01
2.996865622869251400e-01
3.659836252803325696e-01
3.868479722691700040e-01
3.683148585344719894e-01
3.452476715373752336e-01
3.686412162454899555e-01
3.357183503225684706e-01
3.587940457418323792e-01
3.176880555856200772e-01
4.059449111163880852e-01
4.509795966679304158e-01
4.146524342211861391e-01
3.965749346320928126e-01
4.201713181873316660e-01
3.759092342445711221e-01
4.153922717273401677e-01
4.954208664763377623e-01
5.091405742790799938e-01
4.950195340844206759e-01
4.962503950274456122e-01
4.663665159906854596e-01
4.120289204529197225e-01
4.467370351521733340e-01
4.541036473152511022e-01
3.888189387393634622e-01
3.039511951520367239e-01
3.586029706099159720e-01
4.370907618021897534e-01
4.609804249959040812e-01
4.020398715538298084e-01
4.661295980747867107e-01
4.662095124495597709e-01
4.371615744192340891e-01
4.670597565678462626e-01
5.005983376381236694e-01
4.147394047725658783e-01
3.022525069615933369e-01
3.829222355001169475e-01
4.874616874882088391e-01
4.024845728546100343e-01
3.950843675890054474e-01
3.871319132031323385e-01
2.893428007967356885e-01
2.668093722461646333e-01
3.175015835739503078e-01
3.584114419131290141e-01
4.112921283024687513e-01
3.824556152793092689e-01
4.357706050639160722e-01
4.211337430605368581e-01
4.389734501273403477e-01
4.365768930086610933e-01
4.485482516106782391e-01
3.830279358411314838e-01
3.759581409875076830e-01
3.535658078337241550e-01
4.677106682904360602e-01
4.278881325704774197e-01
4.637575875761004163e-01
4.400808260016165763e-01
3.640109401846032267e-01
4.083059302809702862e-01
4.456601377724294100e-01
4.733883046937471528e-01
3.530350027464481677e-01
4.260452868658572978e-01
4.414863849195889145e-01
4.543558116082161424e-01
3.903187451630394378e-01
3.851687859811828707e-01
4.632139016711133150e-01
3.693025345898968137e-01
3.914600884469108255e-01
3.863833093481364722e-01
2.331693485154304746e-01
1.668710301426247211e-01
1.175619956234974506e-01
3.055393184283353714e-01
4.030850556304738097e-01
4.310069638043910745e-01
5.003799374960291590e-01
4.805114661786464847e-01
3.926390451792717284e-01
2.366267895189446691e-01
1.467887978182730313e-01
7.794330011043493212e-02
1.242779132169773426e-01
1.561998787462551830e-01
1.249154112067742961e-01
2.329264537442843341e-01
2.260933154237885212e-01
1.977253882365077597e-01
2.537606362966519091e-01
2.552218313098946201e-01
2.261081983622375002e-01
2.992241018259610419e-01
3.331758009523277941e-01
3.710405824299010114e-01
2.581902626457396321e-01
3.125661884202354246e-01
2.731337150419381743e-01
2.821086837368310674e-01
3.487597456626361225e-01
3.136925082238313234e-01
2.740051811634184320e-01
2.308846032853043573e-01
1.972672203334779883e-01
1.190614884087780601e-01
1.995039976614659816e-01
2.501530841227930235e-01
2.746254557228429150e-01
1.985227501196519251e-01
2.774629682264653230e-01
2.718997523929812532e-01
2.986719465034103349e-01
3.081152377999447634e-01
2.657504685781320042e-01
3.828070520427567791e-01
2.698779970417322094e-01
2.487316436652353691e-01
2.642599577723957482e-01
1.889686919287464351e-01
2.940052796219873033e-01
3.077472724586539643e-01
2.398105262031358098e-01
2.768642757209113237e-01
2.465962192558734944e-01
2.591845124013070212e-01
1.909446401920033010e-01
2.442275278252991066e-01
2.737041702752807115e-01
3.073642376452698777e-01
1.893921375754535896e-01
2.335029438288984682e-01
2.616474603455076764e-01
2.997784576106650167e-01
2.294150867518008896e-01
3.333462872277123124e-01
1.769271454383034570e-01
2.402262403292494408e-01
3.536868771531143096e-01
3.792160786364527914e-01
4.393795072501490706e-01
3.489693747943141133e-01
3.856609555328753824e-01
3.994245927801434171e-01
3.538041757759908812e-01
3.717405425403393915e-01
4.046544919354776448e-01
3.880871209113126996e-01
4.575972935050873769e-01
4.476565655569617608e-01
4.508184099197649619e-01
4.238412561479194540e-01
4.405332131985224553e-01
3.530241059276777449e-01
4.402046276629290045e-01
3.591452584486962696e-01
5.079049676261379043e-01
3.760228689214045739e-01
4.024655900479441328e-01
4.502022105648706418e-01
4.692023317413518413e-01
4.509968286801668835e-01
4.271283578602763642e-01
4.135654808935251836e-01
3.838793011778438569e-01
4.182998666314692304e-01
4.557282953960163363e-01
4.481814140370694588e-01
4.767772167227486424e-01
4.342584673535199169e-01
4.654281706274525643e-01
5.071319143968177068e-01
4.874822763967405770e-01
4.868277216012887321e-01
5.010689307117315305e-01
4.986973743875722231e-01
5.239610767597565610e-01
4.858956033657673146e-01
5.131391338300410609e-01
5.331196461996294822e-01
5.230103708502819027e-01
3.423005602129347569e-01
3.997116929460052814e-01
2.431113119822265745e-01
4.051659592316178005e-01
4.730711193640679824e-01
3.335720375425949014e-01
5.075395846004122635e-01
4.729379740927944775e-01
5.472382859012829837e-01
4.895811672756360533e-01
5.156306904521976708e-01
5.546786702208453823e-01
5.418185321051722791e-01
4.699985500616276068e-01
5.725505970324330507e-01
4.714449107504150582e-01
5.326314671562571990e-01
5.662661326562133945e-01
5.968389541885348315e-01
5.721490037138534657e-01
5.055687696605196679e-01
5.216153357320610917e-01
4.653444526599330722e-01
4.618013095620174813e-01
4.974567238147949988e-01
5.266253073158627673e-01
5.494815273775092157e-01
5.031966157056053657e-01
4.589793643651964850e-01
4.541308779297549281e-01
4.499025654477584180e-01
4.976864714640385490e-01
4.418550513121044521e-01
5.315855498616269825e-01
5.735470123219323924e-01
4.065234131059538569e-01
5.333966148499020843e-01
3.973898002270976892e-01
3.993894063286378415e-01
5.154270169468705420e-01
5.111099338270030934e-01
5.233326484642786269e-01
5.380084301209486775e-01
5.135544897907428075e-01
4.699940948057623746e-01
4.848300102361836617e-01
5.597404486319914607e-01
5.585359288497828700e-01
5.713137565977943755e-01
4.085520458307898561e-01
4.211119013206381378e-01
3.226880862740365563e-01
2.919358747772278218e-01
3.808983513494439421e-01
5.316397102714555123e-01
5.195943426064952853e-01
3.974678999886418485e-01
2.667776174650356991e-01
8.171349087991663929e-02
1.467024036764185135e-01
2.057001607430961609e-01
3.073253181899975317e-01
1.894169129610746571e-01
2.866714040540105923e-01
1.875109095111824331e-01
2.493166425188011459e-01
2.966536913862820590e-01
2.218411482898553500e-01
2.585809197665623893e-01
3.012267924838956112e-01
3.226784433048497380e-01
3.522874621196023792e-01
4.824123657704317836e-01
5.981810621557979157e-01
6.159769828590166973e-01
6.141710683424610462e-01
6.485598779532442126e-01
6.678733065517128420e-01
7.157221442113084198e-01
6.045133217295752814e-01
5.541447733678153131e-01
6.441027961701122351e-01
4.371575650838781524e-01
3.969723705099981181e-01
2.626654030337330914e-01
1.368426866285783472e-01
3.554807979515811622e-01
5.115051970400632531e-01
6.502906587012049489e-01
6.466056252904164303e-01
6.780403423631997661e-01
6.779405509735767499e-01
6.976924999872229360e-01
6.873416114517651998e-01
6.866297564656358432e-01
6.708005043975058257e-01
6.809067469616905122e-01
6.704749443256592389e-01
6.146272791021205606e-01
4.892360077940922647e-01
4.784496328884735306e-01
3.443876349649672708e-01
3.777473025137870755e-01
4.487495604083493461e-01
5.047406016586332145e-01
5.101815467437151863e-01
4.285037934313498109e-01
4.545794109483655143e-01
5.348505560320140351e-01
6.556251265818993090e-01
7.474584729213167300e-01
7.302862083845993446e-01
6.374675617888989620e-01
6.825660719715498370e-01
6.019225827784995264e-01
5.679264690993133247e-01
5.921541344974174947e-01
6.876347331834942178e-01
6.647561996276702967e-01
6.625543011198378185e-01
6.461790763178860697e-01
4.981263744555926021e-01
6.945454605563177175e-01
7.287336843391143404e-01
7.657965813602551908e-01
7.858177935390893154e-01
7.896155754967439933e-01
7.639078897409046220e-01
7.903637774432452634e-01
7.620431150798556708e-01
8.206290078635340990e-01
7.948830824312329568e-01
8.094740943925904375e-01
8.191625863437337340e-01
8.117642651451399960e-01
8.127820217861567720e-01
8.220003145848837622e-01
8.203684903623433833e-01
8.604067732231419630e-01
8.607902165276544171e-01
8.349700037615415127e-01
8.596544307137430341e-01
8.518381947327657855e-01
7.974738682685853508e-01
8.668953464414324017e-01
8.497504067989722909e-01
8.254658893737070180e-01
8.315332835847151216e-01
8.212637066099106598e-01
8.146917697170339423e-01
8.166749927670402531e-01
8.532174810732240378e-01
8.312529708928337868e-01
8.683755788367881756e-01
8.542187401538996472e-01
7.834086721131423570e-01
6.516045411259665521e-01
3.809393160262120048e-01
2.206403561931284951e-01
3.896699035501870467e-01
2.554944112253427768e-01
5.511973148535400657e-01
7.081945654742767271e-01
7.326553332296965593e-01
6.559122079012453810e-01
7.431257917450837525e-01
7.373702767614926934e-01
7.467268748662478917e-01
7.367566409392520832e-01
7.069373430956582549e-01
6.488389937703189503e-01
6.654145421336401522e-01
6.489438453593532330e-01
7.244959960225183515e-01
6.258773850520538140e-01
5.672922874444119579e-01
6.712533800909123993e-01
6.661254757531038795e-01
7.452903287142924604e-01
7.220395618688042472e-01
7.138373189599493962e-01
7.067547668350040446e-01
7.461937194941263840e-01
7.639076551262287129e-01
7.890361497076257002e-01
7.916703115790009182e-01
7.004078371240904932e-01
7.525495802194936967e-01
8.298978216252392848e-01
8.114190572672546065e-01
7.575754088180015611e-01
7.415289750040372496e-01
7.386571476887628940e-01
7.844729756952810718e-01
7.485734976041016342e-01
7.991778755350726904e-01
8.002676103488659543e-01
7.983258112845450505e-01
8.008544404984465626e-01
8.002083375976543067e-01
8.197473651810112116e-01
7.962752694837285095e-01
7.011615184260175937e-01
8.056914599548090639e-01
5.002174025769622334e-01
4.225524082663167924e-01
5.409150981896264643e-01
5.667644926497024116e-01
5.914428930720292410e-01
6.305780243196121848e-01
7.325775070153517365e-01
6.270070934030720355e-01
7.858979261939962324e-01
7.677728389015883170e-01
8.154288624979395550e-01
8.260477648118200733e-01
8.352389965003912398e-01
8.032637966024338549e-01
6.905437418130464522e-01
7.145840187961580714e-01
5.880264309255442967e-01
4.509494099264267364e-01
2.659098076344363903e-01
3.342944137771958202e-01
5.507131340213715642e-01
3.920405522606131843e-01
2.852196984516019995e-01
4.870805634543345919e-01
5.443693414131836050e-01
4.351958653781806685e-01
1.969858322107740367e-01
3.010054107146844515e-01
4.122679298402326387e-01
5.564661299224086255e-01
6.380500331137060055e-01
6.413027910110817853e-01
6.417515014960875064e-01
6.017303025923799176e-01
5.373756350980551932e-01
6.397248623506526233e-01
7.036424526603393126e-01
7.395224517438552247e-01
7.797862566634063963e-01
7.640711268060083050e-01
8.018252512889376682e-01
7.728463561781657720e-01
7.796550656817888836e-01
6.939440457350674052e-01
7.431307049267621423e-01
5.967322128323677699e-01
6.883068766972302299e-01
7.184580061597780620e-01
6.706937213548325172e-01
7.170518233115037443e-01
7.691880025134454346e-01
7.676868374457885835e-01
6.924398954301527187e-01
8.374505870412849440e-01
7.495830788601582917e-01
7.712470434974743050e-01
6.505698819148753032e-01
7.038861380796468392e-01
6.736445475335886002e-01
6.466608792423604868e-01
6.336165080436346742e-01
4.346892416692097472e-01
4.953198896217327896e-01
4.914225319686827964e-01
3.062015079473824342e-01
4.838342264503561196e-01
5.438117675741046542e-01
5.823773423918132686e-01
2.839461884473222231e-01
4.910995069340858832e-01
5.187617118142185957e-01
2.537162496724862937e-01
5.528465378200410063e-01
6.193919454855381090e-01
5.735348156506854256e-01
5.980986849967380170e-01
4.655587594201924251e-01
4.818841155795321463e-01
6.786527214149595810e-01
5.746709912781806651e-01
4.921413044703588646e-01
3.575776029259607469e-01
4.446310785149349964e-01
4.075951870389949994e-01
5.892978808943043489e-01
2.316924136303601944e-01
4.667943689308643451e-01
4.338227751653062070e-01
3.717344023590121171e-01
6.429284070026188846e-01
7.861813483071473652e-01
7.917859848329302785e-01
8.095513445318576196e-01
7.686003389256814700e-01
7.233830618573044990e-01
6.158350299850949838e-01
5.255103247475481076e-01
5.330026674779018148e-01
6.722412576987346622e-01
7.984935460525102169e-01
7.696997700842398427e-01
5.468693412294393097e-01
5.293858406680731488e-01
6.916840328751503453e-01
7.472789589701818169e-01
7.727383743112572478e-01
7.692051427075958792e-01
7.680602874553121850e-01
8.118138521117703732e-01
7.272522319805925228e-01
8.261502157542091052e-01
7.323483338249803243e-01
7.597408208603533275e-01
7.406486544305461717e-01
7.894172485826467245e-01
5.039533214452200927e-01
6.515234381787669005e-01
7.541853848921771242e-01
7.772270195699666484e-01
7.071651110169971943e-01
5.642387118884374386e-01
2.369095000688458130e-01
3.671251927379015623e-01
5.543052367823672055e-01
6.988786493568286406e-01
7.066876045632313197e-01
7.086651502851983864e-01
6.898719694940489422e-01
6.740342448923284380e-01
6.128183095080375065e-01
6.399644537451929516e-01
6.342871082117309545e-01
6.559520707423360797e-01
7.657640368534723851e-01
7.192032920626263426e-01
5.984650505136024368e-01
6.909828989067829941e-01
7.737021077072621100e-01
6.616032326406044994e-01
7.349459423787954027e-01
5.599198652372587848e-01
5.107719685329189518e-01
4.236852582506436260e-01
3.537259402447214818e-01
2.447626654401565682e-01
4.797563776199519348e-01
4.088479658744468281e-01
5.165897074600718231e-01
6.720910879214616607e-01
7.097447190852084198e-01
7.292586750259473227e-01
6.859406364702609338e-01
6.981993812771076779e-01
6.397945132931233125e-01
7.159115838989140723e-01
7.498870556548224986e-01
7.056715465094909323e-01
4.890760504796310970e-01
5.108960749481983310e-01
6.131352205652418341e-01
6.177245527796559887e-01
3.734348734156853755e-01
5.117742248719052700e-01
5.413235402206577618e-01
5.421708311232822375e-01
6.976703004817732534e-01
7.671824486509395413e-01
7.618043777164738017e-01
7.245115557315000565e-01
6.236075846462656447e-01
5.452064733065091762e-01
6.747561291784729409e-01
7.352472243918080075e-01
3.073142638305833563e-01
5.623079210943219275e-01
6.352027522506178414e-01
5.633480287760760374e-01
6.738800506266937607e-01
6.826083086491612217e-01
3.999038815829238924e-01
3.546736204826902439e-01
1.730172523965276543e-01
3.594189505976523868e-01
5.667144316994278119e-01
5.444445275891111047e-01
5.199427426234459748e-01
5.823545894851474003e-01
6.681825759282291610e-01
6.958112486608545311e-01
6.300595449699346595e-01
6.777837681693164029e-01
5.721322292186469260e-01
6.877900681914528302e-01
7.045722534394116554e-01
7.152432192713533698e-01
6.931853222699715378e-01
6.913295483845034450e-01
6.161196497463754529e-01
6.133219972568937362e-01
6.440681854797025707e-01
4.700543738376896652e-01
5.677207572774847222e-01
6.005728549189393028e-01
5.386405092475914369e-01
6.446687484234823184e-01
5.479568008052106975e-01
5.393851024960527596e-01
6.216051097598027653e-01
7.282420764284756043e-01
7.400677147016616608e-01
7.307995152390240889e-01
7.165956083325828452e-01
7.727025898731985087e-01
6.971033804282420476e-01
6.168660347444672176e-01
5.994530406199418682e-01
6.138854689597348369e-01
5.216131236809047333e-01
6.353763373386702717e-01
6.793111507218674294e-01
6.892535313918439766e-01
5.490792189384040567e-01
5.331648554980599197e-01
4.059480443096600277e-01
2.027768780315361008e-01
2.605574540100589198e-01
2.475437550612725746e-01
3.719747852985900716e-01
